1.000000 1.000000
1.000000 0.999615
1.000000 0.999231
1.000000 0.998846
1.000000 0.998462
1.000000 0.998077
1.000000 0.997692
1.000000 0.997308
1.000000 0.996923
1.000000 0.996538
1.000000 0.996154
1.000000 0.995769
1.000000 0.995385
1.000000 0.995000
1.000000 0.994615
1.000000 0.994231
1.000000 0.993846
1.000000 0.993462
1.000000 0.993077
1.000000 0.992692
1.000000 0.992308
1.000000 0.991923
1.000000 0.991538
1.000000 0.991154
1.000000 0.990769
1.000000 0.990385
1.000000 0.990000
1.000000 0.989615
1.000000 0.989231
1.000000 0.988846
1.000000 0.988462
1.000000 0.988077
1.000000 0.987692
1.000000 0.987308
1.000000 0.986923
1.000000 0.986538
1.000000 0.986154
1.000000 0.985769
1.000000 0.985385
1.000000 0.985000
1.000000 0.984615
1.000000 0.984231
1.000000 0.983846
1.000000 0.983462
1.000000 0.983077
1.000000 0.982692
1.000000 0.982308
1.000000 0.981923
1.000000 0.981538
1.000000 0.981154
1.000000 0.980769
1.000000 0.980385
0.999583 0.980385
0.999583 0.980000
0.999583 0.979615
0.999583 0.979231
0.999583 0.978846
0.999583 0.978462
0.999583 0.978077
0.999583 0.977692
0.999583 0.977308
0.999583 0.976923
0.999583 0.976538
0.999583 0.976154
0.999583 0.975769
0.999583 0.975385
0.999583 0.975000
0.999583 0.974615
0.999583 0.974231
0.999583 0.973846
0.999583 0.973462
0.999167 0.973462
0.999167 0.973077
0.999167 0.972692
0.999167 0.972308
0.999167 0.971923
0.999167 0.971538
0.999167 0.971154
0.999167 0.970769
0.999167 0.970385
0.999167 0.970000
0.999167 0.969615
0.999167 0.969231
0.999167 0.968846
0.999167 0.968462
0.999167 0.968077
0.999167 0.967692
0.999167 0.967308
0.999167 0.966923
0.999167 0.966538
0.999167 0.966154
0.999167 0.965769
0.999167 0.965385
0.999167 0.965000
0.999167 0.964615
0.999167 0.964231
0.999167 0.963846
0.999167 0.963462
0.999167 0.963077
0.999167 0.962692
0.999167 0.962308
0.999167 0.961923
0.999167 0.961538
0.999167 0.961154
0.999167 0.960769
0.999167 0.960385
0.999167 0.960000
0.999167 0.959615
0.999167 0.959231
0.999167 0.958846
0.999167 0.958462
0.999167 0.958077
0.999167 0.957692
0.999167 0.957308
0.999167 0.956923
0.999167 0.956538
0.999167 0.956154
0.999167 0.955769
0.999167 0.955385
0.999167 0.955000
0.999167 0.954615
0.999167 0.954231
0.999167 0.953846
0.999167 0.953462
0.999167 0.953077
0.999167 0.952692
0.999167 0.952308
0.999167 0.951923
0.999167 0.951538
0.999167 0.951154
0.999167 0.950769
0.999167 0.950385
0.999167 0.950000
0.999167 0.949615
0.998750 0.949615
0.998750 0.949231
0.998333 0.949231
0.998333 0.948846
0.998333 0.948462
0.998333 0.948077
0.998333 0.947692
0.998333 0.947308
0.998333 0.946923
0.998333 0.946538
0.998333 0.946154
0.998333 0.945769
0.998333 0.945385
0.998333 0.945000
0.998333 0.944615
0.998333 0.944231
0.998333 0.943846
0.998333 0.943462
0.998333 0.943077
0.998333 0.942692
0.998333 0.942308
0.998333 0.941923
0.998333 0.941538
0.998333 0.941154
0.998333 0.940769
0.998333 0.940385
0.998333 0.940000
0.998333 0.939615
0.998333 0.939231
0.998333 0.938846
0.998333 0.938462
0.998333 0.938077
0.998333 0.937692
0.998333 0.937308
0.998333 0.936923
0.998333 0.936538
0.998333 0.936154
0.998333 0.935769
0.998333 0.935385
0.998333 0.935000
0.998333 0.934615
0.998333 0.934231
0.998333 0.933846
0.998333 0.933462
0.998333 0.933077
0.998333 0.932692
0.998333 0.932308
0.998333 0.931923
0.998333 0.931538
0.998333 0.931154
0.998333 0.930769
0.998333 0.930385
0.998333 0.930000
0.998333 0.929615
0.998333 0.929231
0.998333 0.928846
0.998333 0.928462
0.998333 0.928077
0.998333 0.927692
0.998333 0.927308
0.998333 0.926923
0.998333 0.926538
0.998333 0.926154
0.998333 0.925769
0.998333 0.925385
0.998333 0.925000
0.998333 0.924615
0.998333 0.924231
0.998333 0.923846
0.998333 0.923462
0.998333 0.923077
0.998333 0.922692
0.998333 0.922308
0.998333 0.921923
0.998333 0.921538
0.998333 0.921154
0.998333 0.920769
0.998333 0.920385
0.998333 0.920000
0.998333 0.919615
0.998333 0.919231
0.998333 0.918846
0.998333 0.918462
0.998333 0.918077
0.998333 0.917692
0.998333 0.917308
0.998333 0.916923
0.998333 0.916538
0.998333 0.916154
0.998333 0.915769
0.998333 0.915385
0.998333 0.915000
0.998333 0.914615
0.998333 0.914231
0.998333 0.913846
0.998333 0.913462
0.998333 0.913077
0.998333 0.912692
0.998333 0.912308
0.998333 0.911923
0.998333 0.911538
0.998333 0.911154
0.998333 0.910769
0.998333 0.910385
0.998333 0.910000
0.998333 0.909615
0.998333 0.909231
0.998333 0.908846
0.998333 0.908462
0.998333 0.908077
0.998333 0.907692
0.997917 0.907692
0.997917 0.907308
0.997917 0.906923
0.997917 0.906538
0.997917 0.906154
0.997917 0.905769
0.997917 0.905385
0.997917 0.905000
0.997917 0.904615
0.997917 0.904231
0.997917 0.903846
0.997917 0.903462
0.997917 0.903077
0.997917 0.902692
0.997917 0.902308
0.997917 0.901923
0.997917 0.901538
0.997917 0.901154
0.997917 0.900769
0.997917 0.900385
0.997917 0.900000
0.997917 0.899615
0.997917 0.899231
0.997917 0.898846
0.997917 0.898462
0.997917 0.898077
0.997917 0.897692
0.997917 0.897308
0.997917 0.896923
0.997917 0.896538
0.997917 0.896154
0.997917 0.895769
0.997917 0.895385
0.997917 0.895000
0.997917 0.894615
0.997917 0.894231
0.997917 0.893846
0.997917 0.893462
0.997917 0.893077
0.997917 0.892692
0.997917 0.892308
0.997917 0.891923
0.997917 0.891538
0.997917 0.891154
0.997917 0.890769
0.997917 0.890385
0.997917 0.890000
0.997917 0.889615
0.997917 0.889231
0.997917 0.888846
0.997917 0.888462
0.997917 0.888077
0.997917 0.887692
0.997917 0.887308
0.997917 0.886923
0.997917 0.886538
0.997917 0.886154
0.997917 0.885769
0.997917 0.885385
0.997917 0.885000
0.997917 0.884615
0.997917 0.884231
0.997917 0.883846
0.997917 0.883462
0.997917 0.883077
0.997917 0.882692
0.997917 0.882308
0.997917 0.881923
0.997917 0.881538
0.997917 0.881154
0.997917 0.880769
0.997917 0.880385
0.997917 0.880000
0.997917 0.879615
0.997917 0.879231
0.997917 0.878846
0.997917 0.878462
0.997917 0.878077
0.997917 0.877692
0.997917 0.877308
0.997917 0.876923
0.997917 0.876538
0.997917 0.876154
0.997917 0.875769
0.997917 0.875385
0.997917 0.875000
0.997917 0.874615
0.997917 0.874231
0.997917 0.873846
0.997917 0.873462
0.997917 0.873077
0.997917 0.872692
0.997917 0.872308
0.997917 0.871923
0.997917 0.871538
0.997917 0.871154
0.997917 0.870769
0.997917 0.870385
0.997917 0.870000
0.997917 0.869615
0.997917 0.869231
0.997917 0.868846
0.997917 0.868462
0.997917 0.868077
0.997917 0.867692
0.997917 0.867308
0.997917 0.866923
0.997917 0.866538
0.997917 0.866154
0.997917 0.865769
0.997917 0.865385
0.997917 0.865000
0.997917 0.864615
0.997917 0.864231
0.997917 0.863846
0.997917 0.863462
0.997917 0.863077
0.997917 0.862692
0.997917 0.862308
0.997917 0.861923
0.997917 0.861538
0.997917 0.861154
0.997917 0.860769
0.997917 0.860385
0.997917 0.860000
0.997917 0.859615
0.997917 0.859231
0.997917 0.858846
0.997917 0.858462
0.997917 0.858077
0.997917 0.857692
0.997917 0.857308
0.997917 0.856923
0.997917 0.856538
0.997917 0.856154
0.997917 0.855769
0.997917 0.855385
0.997917 0.855000
0.997917 0.854615
0.997917 0.854231
0.997917 0.853846
0.997917 0.853462
0.997917 0.853077
0.997917 0.852692
0.997917 0.852308
0.997917 0.851923
0.997917 0.851538
0.997917 0.851154
0.997917 0.850769
0.997917 0.850385
0.997917 0.850000
0.997917 0.849615
0.997917 0.849231
0.997917 0.848846
0.997917 0.848462
0.997917 0.848077
0.997917 0.847692
0.997917 0.847308
0.997917 0.846923
0.997917 0.846538
0.997917 0.846154
0.997917 0.845769
0.997917 0.845385
0.997917 0.845000
0.997917 0.844615
0.997917 0.844231
0.997917 0.843846
0.997917 0.843462
0.997917 0.843077
0.997917 0.842692
0.997917 0.842308
0.997917 0.841923
0.997917 0.841538
0.997917 0.841154
0.997917 0.840769
0.997917 0.840385
0.997917 0.840000
0.997917 0.839615
0.997917 0.839231
0.997917 0.838846
0.997917 0.838462
0.997917 0.838077
0.997917 0.837692
0.997917 0.837308
0.997917 0.836923
0.997917 0.836538
0.997917 0.836154
0.997917 0.835769
0.997917 0.835385
0.997917 0.835000
0.997917 0.834615
0.997917 0.834231
0.997917 0.833846
0.997917 0.833462
0.997917 0.833077
0.997917 0.832692
0.997917 0.832308
0.997917 0.831923
0.997917 0.831538
0.997917 0.831154
0.997917 0.830769
0.997917 0.830385
0.997917 0.830000
0.997917 0.829615
0.997917 0.829231
0.997917 0.828846
0.997917 0.828462
0.997917 0.828077
0.997917 0.827692
0.997917 0.827308
0.997917 0.826923
0.997917 0.826538
0.997917 0.826154
0.997917 0.825769
0.997917 0.825385
0.997917 0.825000
0.997917 0.824615
0.997917 0.824231
0.997917 0.823846
0.997917 0.823462
0.997917 0.823077
0.997917 0.822692
0.997917 0.822308
0.997917 0.821923
0.997917 0.821538
0.997917 0.821154
0.997917 0.820769
0.997917 0.820385
0.997917 0.820000
0.997917 0.819615
0.997917 0.819231
0.997917 0.818846
0.997917 0.818462
0.997917 0.818077
0.997917 0.817692
0.997917 0.817308
0.997917 0.816923
0.997917 0.816538
0.997917 0.816154
0.997917 0.815769
0.997917 0.815385
0.997917 0.815000
0.997917 0.814615
0.997917 0.814231
0.997917 0.813846
0.997917 0.813462
0.997917 0.813077
0.997917 0.812692
0.997917 0.812308
0.997917 0.811923
0.997917 0.811538
0.997917 0.811154
0.997917 0.810769
0.997917 0.810385
0.997917 0.810000
0.997917 0.809615
0.997917 0.809231
0.997917 0.808846
0.997917 0.808462
0.997917 0.808077
0.997917 0.807692
0.997917 0.807308
0.997917 0.806923
0.997917 0.806538
0.997917 0.806154
0.997917 0.805769
0.997917 0.805385
0.997917 0.805000
0.997917 0.804615
0.997917 0.804231
0.997917 0.803846
0.997917 0.803462
0.997917 0.803077
0.997917 0.802692
0.997917 0.802308
0.997917 0.801923
0.997917 0.801538
0.997917 0.801154
0.997917 0.800769
0.997917 0.800385
0.997917 0.800000
0.997917 0.799615
0.997917 0.799231
0.997917 0.798846
0.997917 0.798462
0.997917 0.798077
0.997917 0.797692
0.997917 0.797308
0.997917 0.796923
0.997917 0.796538
0.997917 0.796154
0.997917 0.795769
0.997917 0.795385
0.997917 0.795000
0.997917 0.794615
0.997917 0.794231
0.997917 0.793846
0.997917 0.793462
0.997917 0.793077
0.997917 0.792692
0.997917 0.792308
0.997917 0.791923
0.997917 0.791538
0.997917 0.791154
0.997917 0.790769
0.997917 0.790385
0.997917 0.790000
0.997917 0.789615
0.997917 0.789231
0.997917 0.788846
0.997917 0.788462
0.997917 0.788077
0.997917 0.787692
0.997917 0.787308
0.997917 0.786923
0.997917 0.786538
0.997917 0.786154
0.997917 0.785769
0.997917 0.785385
0.997917 0.785000
0.997917 0.784615
0.997917 0.784231
0.997917 0.783846
0.997917 0.783462
0.997917 0.783077
0.997917 0.782692
0.997917 0.782308
0.997917 0.781923
0.997917 0.781538
0.997917 0.781154
0.997917 0.780769
0.997917 0.780385
0.997917 0.780000
0.997917 0.779615
0.997917 0.779231
0.997917 0.778846
0.997917 0.778462
0.997917 0.778077
0.997500 0.778077
0.997500 0.777692
0.997500 0.777308
0.997500 0.776923
0.997500 0.776538
0.997500 0.776154
0.997500 0.775769
0.997500 0.775385
0.997500 0.775000
0.997500 0.774615
0.997500 0.774231
0.997500 0.773846
0.997500 0.773462
0.997500 0.773077
0.997500 0.772692
0.997500 0.772308
0.997500 0.771923
0.997500 0.771538
0.997500 0.771154
0.997500 0.770769
0.997500 0.770385
0.997500 0.770000
0.997500 0.769615
0.997500 0.769231
0.997500 0.768846
0.997500 0.768462
0.997500 0.768077
0.997500 0.767692
0.997500 0.767308
0.997500 0.766923
0.997500 0.766538
0.997500 0.766154
0.997500 0.765769
0.997500 0.765385
0.997500 0.765000
0.997500 0.764615
0.997500 0.764231
0.997500 0.763846
0.997500 0.763462
0.997500 0.763077
0.997500 0.762692
0.997500 0.762308
0.997500 0.761923
0.997500 0.761538
0.997500 0.761154
0.997500 0.760769
0.997500 0.760385
0.997500 0.760000
0.997500 0.759615
0.997500 0.759231
0.997500 0.758846
0.997083 0.758846
0.997083 0.758462
0.997083 0.758077
0.997083 0.757692
0.997083 0.757308
0.997083 0.756923
0.997083 0.756538
0.997083 0.756154
0.997083 0.755769
0.997083 0.755385
0.997083 0.755000
0.997083 0.754615
0.997083 0.754231
0.997083 0.753846
0.996667 0.753846
0.996667 0.753462
0.996667 0.753077
0.996667 0.752692
0.996667 0.752308
0.996667 0.751923
0.996667 0.751538
0.996667 0.751154
0.996667 0.750769
0.996667 0.750385
0.996667 0.750000
0.996667 0.749615
0.996667 0.749231
0.996667 0.748846
0.996667 0.748462
0.996667 0.748077
0.996667 0.747692
0.996667 0.747308
0.996667 0.746923
0.996667 0.746538
0.996667 0.746154
0.996667 0.745769
0.996667 0.745385
0.996667 0.745000
0.996667 0.744615
0.996667 0.744231
0.996667 0.743846
0.996667 0.743462
0.996667 0.743077
0.996667 0.742692
0.996667 0.742308
0.996667 0.741923
0.996667 0.741538
0.996667 0.741154
0.996667 0.740769
0.996667 0.740385
0.996667 0.740000
0.996667 0.739615
0.996667 0.739231
0.996667 0.738846
0.996667 0.738462
0.996667 0.738077
0.996667 0.737692
0.996667 0.737308
0.996667 0.736923
0.996667 0.736538
0.996667 0.736154
0.996667 0.735769
0.996667 0.735385
0.996667 0.735000
0.996667 0.734615
0.996667 0.734231
0.996667 0.733846
0.996667 0.733462
0.996667 0.733077
0.996667 0.732692
0.996667 0.732308
0.996667 0.731923
0.996667 0.731538
0.996667 0.731154
0.996667 0.730769
0.996667 0.730385
0.996667 0.730000
0.996667 0.729615
0.996667 0.729231
0.996667 0.728846
0.996667 0.728462
0.996667 0.728077
0.996667 0.727692
0.996667 0.727308
0.996667 0.726923
0.996667 0.726538
0.996667 0.726154
0.996667 0.725769
0.996667 0.725385
0.996667 0.725000
0.996667 0.724615
0.996667 0.724231
0.996667 0.723846
0.996667 0.723462
0.996667 0.723077
0.996667 0.722692
0.996667 0.722308
0.996667 0.721923
0.996667 0.721538
0.996667 0.721154
0.996667 0.720769
0.996667 0.720385
0.996667 0.720000
0.996667 0.719615
0.996667 0.719231
0.996667 0.718846
0.996667 0.718462
0.996667 0.718077
0.996667 0.717692
0.996667 0.717308
0.996667 0.716923
0.996667 0.716538
0.996667 0.716154
0.996667 0.715769
0.996667 0.715385
0.996667 0.715000
0.996667 0.714615
0.996667 0.714231
0.996667 0.713846
0.996667 0.713462
0.996667 0.713077
0.996667 0.712692
0.996667 0.712308
0.996667 0.711923
0.996667 0.711538
0.996667 0.711154
0.996667 0.710769
0.996667 0.710385
0.996667 0.710000
0.996667 0.709615
0.996667 0.709231
0.996667 0.708846
0.996667 0.708462
0.996667 0.708077
0.996667 0.707692
0.996667 0.707308
0.996667 0.706923
0.996667 0.706538
0.996667 0.706154
0.996667 0.705769
0.996667 0.705385
0.996667 0.705000
0.996667 0.704615
0.996667 0.704231
0.996667 0.703846
0.996667 0.703462
0.996667 0.703077
0.996667 0.702692
0.996667 0.702308
0.996667 0.701923
0.996667 0.701538
0.996667 0.701154
0.996667 0.700769
0.996667 0.700385
0.996667 0.700000
0.996667 0.699615
0.996667 0.699231
0.996667 0.698846
0.996667 0.698462
0.996667 0.698077
0.996667 0.697692
0.996667 0.697308
0.996667 0.696923
0.996667 0.696538
0.996667 0.696154
0.996667 0.695769
0.996667 0.695385
0.996667 0.695000
0.996667 0.694615
0.996667 0.694231
0.996667 0.693846
0.996667 0.693462
0.996667 0.693077
0.996667 0.692692
0.996667 0.692308
0.996667 0.691923
0.996667 0.691538
0.996667 0.691154
0.996667 0.690769
0.996667 0.690385
0.996667 0.690000
0.996667 0.689615
0.996667 0.689231
0.996667 0.688846
0.996667 0.688462
0.996667 0.688077
0.996667 0.687692
0.996667 0.687308
0.996667 0.686923
0.996667 0.686538
0.996667 0.686154
0.996667 0.685769
0.996667 0.685385
0.996667 0.685000
0.996667 0.684615
0.996667 0.684231
0.996667 0.683846
0.996667 0.683462
0.996667 0.683077
0.996667 0.682692
0.996667 0.682308
0.996667 0.681923
0.996667 0.681538
0.996667 0.681154
0.996667 0.680769
0.996667 0.680385
0.996667 0.680000
0.996667 0.679615
0.996667 0.679231
0.996667 0.678846
0.996667 0.678462
0.996667 0.678077
0.996667 0.677692
0.996667 0.677308
0.996667 0.676923
0.996667 0.676538
0.996667 0.676154
0.996667 0.675769
0.996667 0.675385
0.996667 0.675000
0.996667 0.674615
0.996667 0.674231
0.996667 0.673846
0.996667 0.673462
0.996667 0.673077
0.996667 0.672692
0.996667 0.672308
0.996667 0.671923
0.996667 0.671538
0.996667 0.671154
0.996667 0.670769
0.996667 0.670385
0.996667 0.670000
0.996667 0.669615
0.996667 0.669231
0.996667 0.668846
0.996667 0.668462
0.996667 0.668077
0.996667 0.667692
0.996667 0.667308
0.996667 0.666923
0.996667 0.666538
0.996667 0.666154
0.996667 0.665769
0.996667 0.665385
0.996667 0.665000
0.996667 0.664615
0.996667 0.664231
0.996667 0.663846
0.996667 0.663462
0.996667 0.663077
0.996667 0.662692
0.996667 0.662308
0.996667 0.661923
0.996667 0.661538
0.996667 0.661154
0.996667 0.660769
0.996667 0.660385
0.996667 0.660000
0.996667 0.659615
0.996667 0.659231
0.996667 0.658846
0.996667 0.658462
0.996667 0.658077
0.996667 0.657692
0.996667 0.657308
0.996667 0.656923
0.996667 0.656538
0.996667 0.656154
0.996667 0.655769
0.996667 0.655385
0.996667 0.655000
0.996667 0.654615
0.996667 0.654231
0.996667 0.653846
0.996667 0.653462
0.996667 0.653077
0.996667 0.652692
0.996667 0.652308
0.996667 0.651923
0.996667 0.651538
0.996667 0.651154
0.996667 0.650769
0.996667 0.650385
0.996667 0.650000
0.996667 0.649615
0.996667 0.649231
0.996667 0.648846
0.996667 0.648462
0.996667 0.648077
0.996667 0.647692
0.996667 0.647308
0.996667 0.646923
0.996667 0.646538
0.996667 0.646154
0.996667 0.645769
0.996667 0.645385
0.996667 0.645000
0.996667 0.644615
0.996667 0.644231
0.996667 0.643846
0.996667 0.643462
0.996667 0.643077
0.996667 0.642692
0.996667 0.642308
0.996667 0.641923
0.996667 0.641538
0.996667 0.641154
0.996667 0.640769
0.996667 0.640385
0.996667 0.640000
0.996667 0.639615
0.996667 0.639231
0.996667 0.638846
0.996667 0.638462
0.996667 0.638077
0.996667 0.637692
0.996667 0.637308
0.996667 0.636923
0.996667 0.636538
0.996667 0.636154
0.996667 0.635769
0.996667 0.635385
0.996667 0.635000
0.996667 0.634615
0.996667 0.634231
0.996667 0.633846
0.996667 0.633462
0.996667 0.633077
0.996667 0.632692
0.996667 0.632308
0.996667 0.631923
0.996667 0.631538
0.996667 0.631154
0.996667 0.630769
0.996667 0.630385
0.996667 0.630000
0.996667 0.629615
0.996667 0.629231
0.996667 0.628846
0.996667 0.628462
0.996667 0.628077
0.996667 0.627692
0.996667 0.627308
0.996667 0.626923
0.996667 0.626538
0.996667 0.626154
0.996667 0.625769
0.996667 0.625385
0.996667 0.625000
0.996667 0.624615
0.996667 0.624231
0.996667 0.623846
0.996667 0.623462
0.996667 0.623077
0.996667 0.622692
0.996667 0.622308
0.996667 0.621923
0.996667 0.621538
0.996667 0.621154
0.996667 0.620769
0.996667 0.620385
0.996667 0.620000
0.996667 0.619615
0.996667 0.619231
0.996667 0.618846
0.996667 0.618462
0.996667 0.618077
0.996667 0.617692
0.996667 0.617308
0.996667 0.616923
0.996667 0.616538
0.996667 0.616154
0.996667 0.615769
0.996667 0.615385
0.996667 0.615000
0.996667 0.614615
0.996667 0.614231
0.996667 0.613846
0.996667 0.613462
0.996667 0.613077
0.996667 0.612692
0.996667 0.612308
0.996667 0.611923
0.996667 0.611538
0.996667 0.611154
0.996667 0.610769
0.996667 0.610385
0.996667 0.610000
0.996667 0.609615
0.996667 0.609231
0.996667 0.608846
0.996667 0.608462
0.996667 0.608077
0.996667 0.607692
0.996667 0.607308
0.996667 0.606923
0.996667 0.606538
0.996667 0.606154
0.996667 0.605769
0.996667 0.605385
0.996667 0.605000
0.996667 0.604615
0.996667 0.604231
0.996667 0.603846
0.996667 0.603462
0.996667 0.603077
0.996667 0.602692
0.996667 0.602308
0.996667 0.601923
0.996667 0.601538
0.996667 0.601154
0.996667 0.600769
0.996667 0.600385
0.996667 0.600000
0.996667 0.599615
0.996667 0.599231
0.996667 0.598846
0.996667 0.598462
0.996667 0.598077
0.996667 0.597692
0.996667 0.597308
0.996667 0.596923
0.996667 0.596538
0.996667 0.596154
0.996667 0.595769
0.996667 0.595385
0.996667 0.595000
0.996667 0.594615
0.996667 0.594231
0.996667 0.593846
0.996667 0.593462
0.996667 0.593077
0.996667 0.592692
0.996667 0.592308
0.996667 0.591923
0.996667 0.591538
0.996667 0.591154
0.996667 0.590769
0.996667 0.590385
0.996667 0.590000
0.996667 0.589615
0.996667 0.589231
0.996250 0.589231
0.996250 0.588846
0.996250 0.588462
0.996250 0.588077
0.996250 0.587692
0.996250 0.587308
0.996250 0.586923
0.996250 0.586538
0.995833 0.586538
0.995833 0.586154
0.995833 0.585769
0.995833 0.585385
0.995833 0.585000
0.995833 0.584615
0.995833 0.584231
0.995833 0.583846
0.995833 0.583462
0.995833 0.583077
0.995833 0.582692
0.995833 0.582308
0.995833 0.581923
0.995833 0.581538
0.995833 0.581154
0.995833 0.580769
0.995833 0.580385
0.995833 0.580000
0.995833 0.579615
0.995833 0.579231
0.995833 0.578846
0.995833 0.578462
0.995833 0.578077
0.995833 0.577692
0.995833 0.577308
0.995833 0.576923
0.995833 0.576538
0.995833 0.576154
0.995833 0.575769
0.995833 0.575385
0.995833 0.575000
0.995833 0.574615
0.995833 0.574231
0.995833 0.573846
0.995833 0.573462
0.995417 0.573462
0.995417 0.573077
0.995417 0.572692
0.995417 0.572308
0.995417 0.571923
0.995417 0.571538
0.995417 0.571154
0.995417 0.570769
0.995417 0.570385
0.995417 0.570000
0.995417 0.569615
0.995417 0.569231
0.995417 0.568846
0.995417 0.568462
0.995417 0.568077
0.995417 0.567692
0.995417 0.567308
0.995417 0.566923
0.995417 0.566538
0.995417 0.566154
0.995417 0.565769
0.995417 0.565385
0.995417 0.565000
0.995417 0.564615
0.995417 0.564231
0.995417 0.563846
0.995417 0.563462
0.995417 0.563077
0.995417 0.562692
0.995417 0.562308
0.995417 0.561923
0.995417 0.561538
0.995417 0.561154
0.995417 0.560769
0.995417 0.560385
0.995417 0.560000
0.995417 0.559615
0.995417 0.559231
0.995417 0.558846
0.995417 0.558462
0.995417 0.558077
0.995417 0.557692
0.995417 0.557308
0.995417 0.556923
0.995417 0.556538
0.995417 0.556154
0.995417 0.555769
0.995417 0.555385
0.995417 0.555000
0.995417 0.554615
0.995417 0.554231
0.995417 0.553846
0.995417 0.553462
0.995417 0.553077
0.995417 0.552692
0.995417 0.552308
0.995417 0.551923
0.995417 0.551538
0.995417 0.551154
0.995417 0.550769
0.995417 0.550385
0.995417 0.550000
0.995417 0.549615
0.995417 0.549231
0.995417 0.548846
0.995417 0.548462
0.995417 0.548077
0.995417 0.547692
0.995417 0.547308
0.995417 0.546923
0.995417 0.546538
0.995417 0.546154
0.995417 0.545769
0.995417 0.545385
0.995417 0.545000
0.995417 0.544615
0.995417 0.544231
0.995417 0.543846
0.995417 0.543462
0.995417 0.543077
0.995417 0.542692
0.995417 0.542308
0.995417 0.541923
0.995417 0.541538
0.995417 0.541154
0.995417 0.540769
0.995417 0.540385
0.995417 0.540000
0.995417 0.539615
0.995417 0.539231
0.995417 0.538846
0.995417 0.538462
0.995417 0.538077
0.995417 0.537692
0.995417 0.537308
0.995417 0.536923
0.995417 0.536538
0.995417 0.536154
0.995417 0.535769
0.995417 0.535385
0.995417 0.535000
0.995417 0.534615
0.995417 0.534231
0.995417 0.533846
0.995417 0.533462
0.995417 0.533077
0.995417 0.532692
0.995417 0.532308
0.995417 0.531923
0.995417 0.531538
0.995417 0.531154
0.995417 0.530769
0.995417 0.530385
0.995417 0.530000
0.995417 0.529615
0.995417 0.529231
0.995417 0.528846
0.995417 0.528462
0.995417 0.528077
0.995417 0.527692
0.995417 0.527308
0.995417 0.526923
0.995417 0.526538
0.995417 0.526154
0.995417 0.525769
0.995417 0.525385
0.995417 0.525000
0.995417 0.524615
0.995417 0.524231
0.995417 0.523846
0.995417 0.523462
0.995417 0.523077
0.995417 0.522692
0.995417 0.522308
0.995417 0.521923
0.995417 0.521538
0.995417 0.521154
0.995417 0.520769
0.995417 0.520385
0.995417 0.520000
0.995417 0.519615
0.995417 0.519231
0.995417 0.518846
0.995417 0.518462
0.995417 0.518077
0.995417 0.517692
0.995417 0.517308
0.995417 0.516923
0.995417 0.516538
0.995417 0.516154
0.995417 0.515769
0.995417 0.515385
0.995417 0.515000
0.995417 0.514615
0.995417 0.514231
0.995417 0.513846
0.995417 0.513462
0.995417 0.513077
0.995417 0.512692
0.995417 0.512308
0.995417 0.511923
0.995417 0.511538
0.995417 0.511154
0.995417 0.510769
0.995417 0.510385
0.995417 0.510000
0.995417 0.509615
0.995417 0.509231
0.995417 0.508846
0.995417 0.508462
0.995417 0.508077
0.995417 0.507692
0.995417 0.507308
0.995417 0.506923
0.995417 0.506538
0.995417 0.506154
0.995417 0.505769
0.995417 0.505385
0.995417 0.505000
0.995417 0.504615
0.995417 0.504231
0.995417 0.503846
0.995417 0.503462
0.995417 0.503077
0.995417 0.502692
0.995417 0.502308
0.995417 0.501923
0.995417 0.501538
0.995417 0.501154
0.995417 0.500769
0.995417 0.500385
0.995417 0.500000
0.995417 0.499615
0.995417 0.499231
0.995417 0.498846
0.995417 0.498462
0.995417 0.498077
0.995417 0.497692
0.995417 0.497308
0.995417 0.496923
0.995417 0.496538
0.995417 0.496154
0.995417 0.495769
0.995417 0.495385
0.995417 0.495000
0.995417 0.494615
0.995417 0.494231
0.995417 0.493846
0.995417 0.493462
0.995417 0.493077
0.995417 0.492692
0.995417 0.492308
0.995417 0.491923
0.995417 0.491538
0.995417 0.491154
0.995417 0.490769
0.995417 0.490385
0.995417 0.490000
0.995417 0.489615
0.995417 0.489231
0.995417 0.488846
0.995417 0.488462
0.995417 0.488077
0.995417 0.487692
0.995417 0.487308
0.995417 0.486923
0.995417 0.486538
0.995417 0.486154
0.995417 0.485769
0.995417 0.485385
0.995417 0.485000
0.995417 0.484615
0.995417 0.484231
0.995417 0.483846
0.995417 0.483462
0.995417 0.483077
0.995417 0.482692
0.995417 0.482308
0.995417 0.481923
0.995417 0.481538
0.995417 0.481154
0.995417 0.480769
0.995417 0.480385
0.995417 0.480000
0.995417 0.479615
0.995417 0.479231
0.995417 0.478846
0.995417 0.478462
0.995417 0.478077
0.995417 0.477692
0.995417 0.477308
0.995417 0.476923
0.995417 0.476538
0.995417 0.476154
0.995417 0.475769
0.995417 0.475385
0.995417 0.475000
0.995417 0.474615
0.995417 0.474231
0.995417 0.473846
0.995417 0.473462
0.995417 0.473077
0.995417 0.472692
0.995417 0.472308
0.995417 0.471923
0.995417 0.471538
0.995417 0.471154
0.995417 0.470769
0.995417 0.470385
0.995417 0.470000
0.995417 0.469615
0.995000 0.469615
0.995000 0.469231
0.995000 0.468846
0.995000 0.468462
0.995000 0.468077
0.995000 0.467692
0.995000 0.467308
0.995000 0.466923
0.995000 0.466538
0.995000 0.466154
0.995000 0.465769
0.995000 0.465385
0.995000 0.465000
0.995000 0.464615
0.995000 0.464231
0.995000 0.463846
0.995000 0.463462
0.995000 0.463077
0.995000 0.462692
0.995000 0.462308
0.995000 0.461923
0.995000 0.461538
0.995000 0.461154
0.995000 0.460769
0.995000 0.460385
0.995000 0.460000
0.995000 0.459615
0.995000 0.459231
0.995000 0.458846
0.995000 0.458462
0.995000 0.458077
0.995000 0.457692
0.995000 0.457308
0.995000 0.456923
0.995000 0.456538
0.995000 0.456154
0.995000 0.455769
0.995000 0.455385
0.995000 0.455000
0.995000 0.454615
0.995000 0.454231
0.995000 0.453846
0.995000 0.453462
0.995000 0.453077
0.995000 0.452692
0.995000 0.452308
0.995000 0.451923
0.995000 0.451538
0.995000 0.451154
0.995000 0.450769
0.995000 0.450385
0.995000 0.450000
0.994583 0.450000
0.994583 0.449615
0.994583 0.449231
0.994583 0.448846
0.994583 0.448462
0.994583 0.448077
0.994583 0.447692
0.994167 0.447692
0.994167 0.447308
0.994167 0.446923
0.994167 0.446538
0.994167 0.446154
0.994167 0.445769
0.994167 0.445385
0.994167 0.445000
0.994167 0.444615
0.994167 0.444231
0.994167 0.443846
0.994167 0.443462
0.994167 0.443077
0.994167 0.442692
0.994167 0.442308
0.994167 0.441923
0.994167 0.441538
0.994167 0.441154
0.994167 0.440769
0.994167 0.440385
0.994167 0.440000
0.994167 0.439615
0.994167 0.439231
0.994167 0.438846
0.994167 0.438462
0.994167 0.438077
0.994167 0.437692
0.994167 0.437308
0.994167 0.436923
0.994167 0.436538
0.994167 0.436154
0.993750 0.436154
0.993750 0.435769
0.993750 0.435385
0.993750 0.435000
0.993750 0.434615
0.993750 0.434231
0.993750 0.433846
0.993750 0.433462
0.993750 0.433077
0.993750 0.432692
0.993750 0.432308
0.993750 0.431923
0.993750 0.431538
0.993750 0.431154
0.993750 0.430769
0.993750 0.430385
0.993750 0.430000
0.993750 0.429615
0.993750 0.429231
0.993750 0.428846
0.993750 0.428462
0.993750 0.428077
0.993750 0.427692
0.993750 0.427308
0.993750 0.426923
0.993750 0.426538
0.993750 0.426154
0.993750 0.425769
0.993750 0.425385
0.993750 0.425000
0.993750 0.424615
0.993750 0.424231
0.993750 0.423846
0.993750 0.423462
0.993750 0.423077
0.993750 0.422692
0.993750 0.422308
0.993750 0.421923
0.993750 0.421538
0.993750 0.421154
0.993750 0.420769
0.993750 0.420385
0.993750 0.420000
0.993750 0.419615
0.993750 0.419231
0.993750 0.418846
0.993750 0.418462
0.993750 0.418077
0.993750 0.417692
0.993750 0.417308
0.993750 0.416923
0.993750 0.416538
0.993750 0.416154
0.993750 0.415769
0.993750 0.415385
0.993750 0.415000
0.993750 0.414615
0.993750 0.414231
0.993750 0.413846
0.993750 0.413462
0.993750 0.413077
0.993750 0.412692
0.993750 0.412308
0.993750 0.411923
0.993750 0.411538
0.993750 0.411154
0.993750 0.410769
0.993750 0.410385
0.993750 0.410000
0.993750 0.409615
0.993750 0.409231
0.993750 0.408846
0.993750 0.408462
0.993750 0.408077
0.993750 0.407692
0.993750 0.407308
0.993750 0.406923
0.993750 0.406538
0.993750 0.406154
0.993750 0.405769
0.993750 0.405385
0.993750 0.405000
0.993750 0.404615
0.993750 0.404231
0.993750 0.403846
0.993750 0.403462
0.993750 0.403077
0.993750 0.402692
0.993750 0.402308
0.993750 0.401923
0.993750 0.401538
0.993750 0.401154
0.993750 0.400769
0.993750 0.400385
0.993750 0.400000
0.993750 0.399615
0.993750 0.399231
0.993750 0.398846
0.993750 0.398462
0.993750 0.398077
0.993750 0.397692
0.993750 0.397308
0.993750 0.396923
0.993750 0.396538
0.993750 0.396154
0.993750 0.395769
0.993750 0.395385
0.993750 0.395000
0.993750 0.394615
0.993750 0.394231
0.993750 0.393846
0.993750 0.393462
0.993750 0.393077
0.993750 0.392692
0.993750 0.392308
0.993750 0.391923
0.993750 0.391538
0.993750 0.391154
0.993750 0.390769
0.993750 0.390385
0.993750 0.390000
0.993750 0.389615
0.993750 0.389231
0.993750 0.388846
0.993750 0.388462
0.993750 0.388077
0.993750 0.387692
0.993750 0.387308
0.993750 0.386923
0.993750 0.386538
0.993750 0.386154
0.993750 0.385769
0.993750 0.385385
0.993750 0.385000
0.993750 0.384615
0.993750 0.384231
0.993750 0.383846
0.993750 0.383462
0.993750 0.383077
0.993750 0.382692
0.993750 0.382308
0.993750 0.381923
0.993750 0.381538
0.993750 0.381154
0.993750 0.380769
0.993750 0.380385
0.993750 0.380000
0.993750 0.379615
0.993750 0.379231
0.993750 0.378846
0.993750 0.378462
0.993750 0.378077
0.993750 0.377692
0.993750 0.377308
0.993750 0.376923
0.993750 0.376538
0.993750 0.376154
0.993750 0.375769
0.993750 0.375385
0.993750 0.375000
0.993750 0.374615
0.993750 0.374231
0.993750 0.373846
0.993750 0.373462
0.993750 0.373077
0.993750 0.372692
0.993750 0.372308
0.993750 0.371923
0.993750 0.371538
0.993750 0.371154
0.993750 0.370769
0.993750 0.370385
0.993750 0.370000
0.993750 0.369615
0.993750 0.369231
0.993750 0.368846
0.993750 0.368462
0.993750 0.368077
0.993750 0.367692
0.993750 0.367308
0.993750 0.366923
0.993750 0.366538
0.993750 0.366154
0.993750 0.365769
0.993750 0.365385
0.993750 0.365000
0.993750 0.364615
0.993750 0.364231
0.993750 0.363846
0.993750 0.363462
0.993750 0.363077
0.993750 0.362692
0.993750 0.362308
0.993750 0.361923
0.993750 0.361538
0.993750 0.361154
0.993750 0.360769
0.993750 0.360385
0.993750 0.360000
0.993333 0.360000
0.993333 0.359615
0.993333 0.359231
0.993333 0.358846
0.993333 0.358462
0.993333 0.358077
0.993333 0.357692
0.993333 0.357308
0.993333 0.356923
0.993333 0.356538
0.993333 0.356154
0.993333 0.355769
0.993333 0.355385
0.993333 0.355000
0.993333 0.354615
0.993333 0.354231
0.993333 0.353846
0.993333 0.353462
0.992917 0.353462
0.992917 0.353077
0.992917 0.352692
0.992500 0.352692
0.992500 0.352308
0.992500 0.351923
0.992500 0.351538
0.992500 0.351154
0.992500 0.350769
0.992500 0.350385
0.992500 0.350000
0.992500 0.349615
0.992083 0.349615
0.992083 0.349231
0.992083 0.348846
0.992083 0.348462
0.992083 0.348077
0.992083 0.347692
0.992083 0.347308
0.992083 0.346923
0.992083 0.346538
0.992083 0.346154
0.992083 0.345769
0.992083 0.345385
0.992083 0.345000
0.992083 0.344615
0.992083 0.344231
0.992083 0.343846
0.992083 0.343462
0.992083 0.343077
0.992083 0.342692
0.992083 0.342308
0.992083 0.341923
0.992083 0.341538
0.992083 0.341154
0.992083 0.340769
0.992083 0.340385
0.992083 0.340000
0.992083 0.339615
0.992083 0.339231
0.991667 0.339231
0.991667 0.338846
0.991667 0.338462
0.991667 0.338077
0.991667 0.337692
0.991667 0.337308
0.991667 0.336923
0.991667 0.336538
0.991667 0.336154
0.991667 0.335769
0.991667 0.335385
0.991667 0.335000
0.991667 0.334615
0.991667 0.334231
0.991667 0.333846
0.991667 0.333462
0.991667 0.333077
0.991667 0.332692
0.991250 0.332692
0.990833 0.332692
0.990833 0.332308
0.990833 0.331923
0.990833 0.331538
0.990833 0.331154
0.990833 0.330769
0.990833 0.330385
0.990833 0.330000
0.990833 0.329615
0.990833 0.329231
0.990833 0.328846
0.990833 0.328462
0.990833 0.328077
0.990833 0.327692
0.990833 0.327308
0.990833 0.326923
0.990833 0.326538
0.990833 0.326154
0.990833 0.325769
0.990833 0.325385
0.990833 0.325000
0.990833 0.324615
0.990833 0.324231
0.990833 0.323846
0.990833 0.323462
0.990833 0.323077
0.990833 0.322692
0.990833 0.322308
0.990833 0.321923
0.990833 0.321538
0.990833 0.321154
0.990833 0.320769
0.990833 0.320385
0.990833 0.320000
0.990833 0.319615
0.990833 0.319231
0.990833 0.318846
0.990833 0.318462
0.990833 0.318077
0.990833 0.317692
0.990833 0.317308
0.990833 0.316923
0.990833 0.316538
0.990833 0.316154
0.990833 0.315769
0.990833 0.315385
0.990833 0.315000
0.990833 0.314615
0.990833 0.314231
0.990833 0.313846
0.990833 0.313462
0.990833 0.313077
0.990833 0.312692
0.990833 0.312308
0.990833 0.311923
0.990833 0.311538
0.990833 0.311154
0.990833 0.310769
0.990833 0.310385
0.990833 0.310000
0.990833 0.309615
0.990833 0.309231
0.990833 0.308846
0.990833 0.308462
0.990833 0.308077
0.990833 0.307692
0.990833 0.307308
0.990833 0.306923
0.990833 0.306538
0.990833 0.306154
0.990833 0.305769
0.990833 0.305385
0.990833 0.305000
0.990833 0.304615
0.990833 0.304231
0.990833 0.303846
0.990833 0.303462
0.990833 0.303077
0.990833 0.302692
0.990833 0.302308
0.990833 0.301923
0.990833 0.301538
0.990833 0.301154
0.990833 0.300769
0.990833 0.300385
0.990833 0.300000
0.990833 0.299615
0.990833 0.299231
0.990833 0.298846
0.990833 0.298462
0.990833 0.298077
0.990833 0.297692
0.990833 0.297308
0.990833 0.296923
0.990833 0.296538
0.990833 0.296154
0.990833 0.295769
0.990833 0.295385
0.990833 0.295000
0.990833 0.294615
0.990833 0.294231
0.990833 0.293846
0.990833 0.293462
0.990833 0.293077
0.990833 0.292692
0.990833 0.292308
0.990833 0.291923
0.990833 0.291538
0.990833 0.291154
0.990833 0.290769
0.990833 0.290385
0.990833 0.290000
0.990833 0.289615
0.990833 0.289231
0.990833 0.288846
0.990833 0.288462
0.990833 0.288077
0.990833 0.287692
0.990833 0.287308
0.990833 0.286923
0.990833 0.286538
0.990833 0.286154
0.990833 0.285769
0.990833 0.285385
0.990833 0.285000
0.990833 0.284615
0.990833 0.284231
0.990833 0.283846
0.990833 0.283462
0.990833 0.283077
0.990833 0.282692
0.990833 0.282308
0.990833 0.281923
0.990833 0.281538
0.990833 0.281154
0.990833 0.280769
0.990833 0.280385
0.990833 0.280000
0.990833 0.279615
0.990833 0.279231
0.990833 0.278846
0.990833 0.278462
0.990833 0.278077
0.990833 0.277692
0.990833 0.277308
0.990833 0.276923
0.990833 0.276538
0.990833 0.276154
0.990833 0.275769
0.990833 0.275385
0.990833 0.275000
0.990833 0.274615
0.990833 0.274231
0.990833 0.273846
0.990833 0.273462
0.990833 0.273077
0.990833 0.272692
0.990833 0.272308
0.990833 0.271923
0.990833 0.271538
0.990833 0.271154
0.990833 0.270769
0.990833 0.270385
0.990833 0.270000
0.990833 0.269615
0.990833 0.269231
0.990833 0.268846
0.990833 0.268462
0.990833 0.268077
0.990833 0.267692
0.990833 0.267308
0.990833 0.266923
0.990833 0.266538
0.990833 0.266154
0.990833 0.265769
0.990833 0.265385
0.990833 0.265000
0.990833 0.264615
0.990833 0.264231
0.990833 0.263846
0.990833 0.263462
0.990833 0.263077
0.990833 0.262692
0.990833 0.262308
0.990833 0.261923
0.990833 0.261538
0.990833 0.261154
0.990833 0.260769
0.990833 0.260385
0.990833 0.260000
0.990833 0.259615
0.990833 0.259231
0.990833 0.258846
0.990833 0.258462
0.990833 0.258077
0.990833 0.257692
0.990833 0.257308
0.990833 0.256923
0.990833 0.256538
0.990833 0.256154
0.990833 0.255769
0.990833 0.255385
0.990833 0.255000
0.990833 0.254615
0.990833 0.254231
0.990833 0.253846
0.990833 0.253462
0.990833 0.253077
0.990833 0.252692
0.990833 0.252308
0.990833 0.251923
0.990833 0.251538
0.990833 0.251154
0.990833 0.250769
0.990833 0.250385
0.990833 0.250000
0.990833 0.249615
0.990833 0.249231
0.990833 0.248846
0.990833 0.248462
0.990833 0.248077
0.990833 0.247692
0.990833 0.247308
0.990833 0.246923
0.990833 0.246538
0.990833 0.246154
0.990833 0.245769
0.990833 0.245385
0.990833 0.245000
0.990833 0.244615
0.990833 0.244231
0.990833 0.243846
0.990833 0.243462
0.990833 0.243077
0.990833 0.242692
0.990833 0.242308
0.990833 0.241923
0.990833 0.241538
0.990833 0.241154
0.990833 0.240769
0.990833 0.240385
0.990833 0.240000
0.990833 0.239615
0.990833 0.239231
0.990833 0.238846
0.990833 0.238462
0.990833 0.238077
0.990833 0.237692
0.990833 0.237308
0.990833 0.236923
0.990833 0.236538
0.990833 0.236154
0.990833 0.235769
0.990833 0.235385
0.990833 0.235000
0.990833 0.234615
0.990833 0.234231
0.990833 0.233846
0.990833 0.233462
0.990417 0.233462
0.990417 0.233077
0.990417 0.232692
0.990417 0.232308
0.990417 0.231923
0.990417 0.231538
0.990417 0.231154
0.990417 0.230769
0.990417 0.230385
0.990417 0.230000
0.990417 0.229615
0.990417 0.229231
0.990417 0.228846
0.990417 0.228462
0.990417 0.228077
0.990417 0.227692
0.990417 0.227308
0.990417 0.226923
0.990417 0.226538
0.990417 0.226154
0.990417 0.225769
0.990417 0.225385
0.990417 0.225000
0.990417 0.224615
0.990417 0.224231
0.990417 0.223846
0.990417 0.223462
0.990417 0.223077
0.990417 0.222692
0.990417 0.222308
0.990417 0.221923
0.990417 0.221538
0.990417 0.221154
0.990417 0.220769
0.990417 0.220385
0.990417 0.220000
0.990417 0.219615
0.990417 0.219231
0.990417 0.218846
0.990417 0.218462
0.990417 0.218077
0.990417 0.217692
0.990417 0.217308
0.990417 0.216923
0.990417 0.216538
0.990417 0.216154
0.990417 0.215769
0.990417 0.215385
0.990417 0.215000
0.990417 0.214615
0.990417 0.214231
0.990417 0.213846
0.990417 0.213462
0.990417 0.213077
0.990417 0.212692
0.990417 0.212308
0.990417 0.211923
0.990417 0.211538
0.990417 0.211154
0.990000 0.211154
0.990000 0.210769
0.990000 0.210385
0.990000 0.210000
0.990000 0.209615
0.990000 0.209231
0.990000 0.208846
0.990000 0.208462
0.990000 0.208077
0.990000 0.207692
0.990000 0.207308
0.990000 0.206923
0.990000 0.206538
0.990000 0.206154
0.990000 0.205769
0.990000 0.205385
0.990000 0.205000
0.990000 0.204615
0.990000 0.204231
0.990000 0.203846
0.989583 0.203846
0.989583 0.203462
0.989583 0.203077
0.989583 0.202692
0.989583 0.202308
0.989583 0.201923
0.989583 0.201538
0.989583 0.201154
0.989583 0.200769
0.989583 0.200385
0.989583 0.200000
0.989583 0.199615
0.989583 0.199231
0.989583 0.198846
0.989583 0.198462
0.989583 0.198077
0.989583 0.197692
0.989583 0.197308
0.989583 0.196923
0.989583 0.196538
0.989583 0.196154
0.989583 0.195769
0.989583 0.195385
0.989583 0.195000
0.989583 0.194615
0.989583 0.194231
0.989583 0.193846
0.989583 0.193462
0.989583 0.193077
0.989583 0.192692
0.989583 0.192308
0.989583 0.191923
0.989583 0.191538
0.989583 0.191154
0.989583 0.190769
0.989583 0.190385
0.989583 0.190000
0.989583 0.189615
0.989583 0.189231
0.989583 0.188846
0.989583 0.188462
0.989583 0.188077
0.989583 0.187692
0.989583 0.187308
0.989583 0.186923
0.989583 0.186538
0.989583 0.186154
0.989583 0.185769
0.989583 0.185385
0.989583 0.185000
0.989583 0.184615
0.989583 0.184231
0.989583 0.183846
0.989583 0.183462
0.989583 0.183077
0.989583 0.182692
0.989583 0.182308
0.989583 0.181923
0.989583 0.181538
0.989583 0.181154
0.989583 0.180769
0.989583 0.180385
0.989583 0.180000
0.989583 0.179615
0.989583 0.179231
0.989583 0.178846
0.989167 0.178846
0.989167 0.178462
0.989167 0.178077
0.989167 0.177692
0.989167 0.177308
0.989167 0.176923
0.989167 0.176538
0.989167 0.176154
0.989167 0.175769
0.989167 0.175385
0.989167 0.175000
0.989167 0.174615
0.989167 0.174231
0.989167 0.173846
0.989167 0.173462
0.989167 0.173077
0.989167 0.172692
0.989167 0.172308
0.989167 0.171923
0.989167 0.171538
0.989167 0.171154
0.989167 0.170769
0.989167 0.170385
0.989167 0.170000
0.989167 0.169615
0.989167 0.169231
0.989167 0.168846
0.989167 0.168462
0.989167 0.168077
0.989167 0.167692
0.989167 0.167308
0.989167 0.166923
0.989167 0.166538
0.989167 0.166154
0.989167 0.165769
0.989167 0.165385
0.989167 0.165000
0.989167 0.164615
0.989167 0.164231
0.989167 0.163846
0.989167 0.163462
0.989167 0.163077
0.989167 0.162692
0.989167 0.162308
0.989167 0.161923
0.989167 0.161538
0.989167 0.161154
0.989167 0.160769
0.989167 0.160385
0.989167 0.160000
0.989167 0.159615
0.989167 0.159231
0.989167 0.158846
0.988750 0.158846
0.988750 0.158462
0.988750 0.158077
0.988750 0.157692
0.988750 0.157308
0.988750 0.156923
0.988750 0.156538
0.988750 0.156154
0.988750 0.155769
0.988750 0.155385
0.988750 0.155000
0.988750 0.154615
0.988750 0.154231
0.988750 0.153846
0.988750 0.153462
0.988750 0.153077
0.988750 0.152692
0.988750 0.152308
0.988750 0.151923
0.988750 0.151538
0.988750 0.151154
0.988750 0.150769
0.988750 0.150385
0.988750 0.150000
0.988750 0.149615
0.988750 0.149231
0.988750 0.148846
0.988750 0.148462
0.988750 0.148077
0.988750 0.147692
0.988750 0.147308
0.988750 0.146923
0.988750 0.146538
0.988750 0.146154
0.988750 0.145769
0.988750 0.145385
0.988750 0.145000
0.988750 0.144615
0.988750 0.144231
0.988750 0.143846
0.988750 0.143462
0.988750 0.143077
0.988750 0.142692
0.988750 0.142308
0.988750 0.141923
0.988333 0.141923
0.988333 0.141538
0.988333 0.141154
0.988333 0.140769
0.988333 0.140385
0.988333 0.140000
0.988333 0.139615
0.988333 0.139231
0.988333 0.138846
0.988333 0.138462
0.988333 0.138077
0.988333 0.137692
0.988333 0.137308
0.988333 0.136923
0.988333 0.136538
0.988333 0.136154
0.988333 0.135769
0.988333 0.135385
0.988333 0.135000
0.988333 0.134615
0.988333 0.134231
0.988333 0.133846
0.988333 0.133462
0.988333 0.133077
0.988333 0.132692
0.988333 0.132308
0.988333 0.131923
0.988333 0.131538
0.988333 0.131154
0.988333 0.130769
0.988333 0.130385
0.988333 0.130000
0.988333 0.129615
0.988333 0.129231
0.988333 0.128846
0.988333 0.128462
0.988333 0.128077
0.988333 0.127692
0.988333 0.127308
0.988333 0.126923
0.988333 0.126538
0.988333 0.126154
0.988333 0.125769
0.988333 0.125385
0.988333 0.125000
0.988333 0.124615
0.988333 0.124231
0.988333 0.123846
0.988333 0.123462
0.988333 0.123077
0.988333 0.122692
0.988333 0.122308
0.988333 0.121923
0.988333 0.121538
0.988333 0.121154
0.988333 0.120769
0.988333 0.120385
0.988333 0.120000
0.988333 0.119615
0.988333 0.119231
0.988333 0.118846
0.988333 0.118462
0.988333 0.118077
0.988333 0.117692
0.987917 0.117692
0.987917 0.117308
0.987917 0.116923
0.987917 0.116538
0.987917 0.116154
0.987917 0.115769
0.987917 0.115385
0.987917 0.115000
0.987917 0.114615
0.987917 0.114231
0.987917 0.113846
0.987917 0.113462
0.987917 0.113077
0.987917 0.112692
0.987917 0.112308
0.987917 0.111923
0.987917 0.111538
0.987917 0.111154
0.987917 0.110769
0.987917 0.110385
0.987917 0.110000
0.987917 0.109615
0.987917 0.109231
0.987917 0.108846
0.987917 0.108462
0.987917 0.108077
0.987917 0.107692
0.987917 0.107308
0.987917 0.106923
0.987917 0.106538
0.987917 0.106154
0.987917 0.105769
0.987917 0.105385
0.987917 0.105000
0.987917 0.104615
0.987917 0.104231
0.987917 0.103846
0.987917 0.103462
0.987917 0.103077
0.987917 0.102692
0.987917 0.102308
0.987917 0.101923
0.987917 0.101538
0.987917 0.101154
0.987917 0.100769
0.987917 0.100385
0.987917 0.100000
0.987917 0.099615
0.987917 0.099231
0.987917 0.098846
0.987500 0.098846
0.987500 0.098462
0.987500 0.098077
0.987500 0.097692
0.987500 0.097308
0.987500 0.096923
0.987500 0.096538
0.987500 0.096154
0.987500 0.095769
0.987500 0.095385
0.987500 0.095000
0.987500 0.094615
0.987500 0.094231
0.987500 0.093846
0.987500 0.093462
0.987500 0.093077
0.987500 0.092692
0.987500 0.092308
0.987500 0.091923
0.987500 0.091538
0.987500 0.091154
0.987500 0.090769
0.987500 0.090385
0.987500 0.090000
0.987500 0.089615
0.987500 0.089231
0.987500 0.088846
0.987500 0.088462
0.987500 0.088077
0.987500 0.087692
0.987500 0.087308
0.987500 0.086923
0.987500 0.086538
0.987500 0.086154
0.987500 0.085769
0.987500 0.085385
0.987500 0.085000
0.987500 0.084615
0.987500 0.084231
0.987500 0.083846
0.987500 0.083462
0.987500 0.083077
0.987500 0.082692
0.987500 0.082308
0.987500 0.081923
0.987500 0.081538
0.987500 0.081154
0.987500 0.080769
0.987500 0.080385
0.987500 0.080000
0.987500 0.079615
0.987500 0.079231
0.987500 0.078846
0.987500 0.078462
0.987500 0.078077
0.987500 0.077692
0.987500 0.077308
0.987500 0.076923
0.987500 0.076538
0.987500 0.076154
0.987500 0.075769
0.987500 0.075385
0.987500 0.075000
0.987500 0.074615
0.987500 0.074231
0.987500 0.073846
0.987500 0.073462
0.987500 0.073077
0.987500 0.072692
0.987500 0.072308
0.987500 0.071923
0.987500 0.071538
0.987500 0.071154
0.987500 0.070769
0.987500 0.070385
0.987500 0.070000
0.987500 0.069615
0.987083 0.069615
0.986667 0.069615
0.986667 0.069231
0.986667 0.068846
0.986667 0.068462
0.986667 0.068077
0.986667 0.067692
0.986667 0.067308
0.986667 0.066923
0.986250 0.066923
0.986250 0.066538
0.986250 0.066154
0.986250 0.065769
0.986250 0.065385
0.986250 0.065000
0.985833 0.065000
0.985833 0.064615
0.985833 0.064231
0.985833 0.063846
0.985833 0.063462
0.985417 0.063462
0.985417 0.063077
0.985417 0.062692
0.985417 0.062308
0.985417 0.061923
0.985417 0.061538
0.985417 0.061154
0.985417 0.060769
0.985417 0.060385
0.985417 0.060000
0.985417 0.059615
0.985417 0.059231
0.985417 0.058846
0.985000 0.058846
0.985000 0.058462
0.985000 0.058077
0.984583 0.058077
0.984583 0.057692
0.984167 0.057692
0.984167 0.057308
0.984167 0.056923
0.984167 0.056538
0.984167 0.056154
0.984167 0.055769
0.984167 0.055385
0.984167 0.055000
0.984167 0.054615
0.984167 0.054231
0.984167 0.053846
0.984167 0.053462
0.984167 0.053077
0.983750 0.053077
0.983750 0.052692
0.983750 0.052308
0.983750 0.051923
0.983750 0.051538
0.983750 0.051154
0.983750 0.050769
0.983750 0.050385
0.983750 0.050000
0.983750 0.049615
0.983750 0.049231
0.983750 0.048846
0.983750 0.048462
0.983750 0.048077
0.983750 0.047692
0.983750 0.047308
0.983750 0.046923
0.983750 0.046538
0.983750 0.046154
0.983333 0.046154
0.983333 0.045769
0.983333 0.045385
0.983333 0.045000
0.982917 0.045000
0.982917 0.044615
0.982917 0.044231
0.982917 0.043846
0.982917 0.043462
0.982500 0.043462
0.982500 0.043077
0.982500 0.042692
0.982500 0.042308
0.982500 0.041923
0.982500 0.041538
0.982500 0.041154
0.982083 0.041154
0.982083 0.040769
0.982083 0.040385
0.981667 0.040385
0.981667 0.040000
0.981667 0.039615
0.981667 0.039231
0.981667 0.038846
0.981667 0.038462
0.981667 0.038077
0.981667 0.037692
0.981667 0.037308
0.981667 0.036923
0.981667 0.036538
0.981250 0.036538
0.981250 0.036154
0.981250 0.035769
0.981250 0.035385
0.981250 0.035000
0.981250 0.034615
0.981250 0.034231
0.981250 0.033846
0.981250 0.033462
0.981250 0.033077
0.981250 0.032692
0.981250 0.032308
0.981250 0.031923
0.981250 0.031538
0.981250 0.031154
0.981250 0.030769
0.981250 0.030385
0.981250 0.030000
0.981250 0.029615
0.981250 0.029231
0.981250 0.028846
0.981250 0.028462
0.981250 0.028077
0.980833 0.028077
0.980833 0.027692
0.980833 0.027308
0.980833 0.026923
0.980833 0.026538
0.980417 0.026538
0.980000 0.026538
0.979583 0.026538
0.979167 0.026538
0.979167 0.026154
0.979167 0.025769
0.979167 0.025385
0.979167 0.025000
0.979167 0.024615
0.978750 0.024615
0.978333 0.024615
0.977917 0.024615
0.977917 0.024231
0.977917 0.023846
0.977500 0.023846
0.977500 0.023462
0.977500 0.023077
0.977500 0.022692
0.977500 0.022308
0.977500 0.021923
0.977500 0.021538
0.977500 0.021154
0.977500 0.020769
0.977083 0.020769
0.977083 0.020385
0.977083 0.020000
0.977083 0.019615
0.977083 0.019231
0.977083 0.018846
0.977083 0.018462
0.977083 0.018077
0.977083 0.017692
0.976667 0.017692
0.976667 0.017308
0.976250 0.017308
0.975833 0.017308
0.975833 0.016923
0.975833 0.016538
0.975833 0.016154
0.975833 0.015769
0.975833 0.015385
0.975833 0.015000
0.975417 0.015000
0.975000 0.015000
0.975000 0.014615
0.975000 0.014231
0.975000 0.013846
0.974583 0.013846
0.974583 0.013462
0.974167 0.013462
0.973750 0.013462
0.973750 0.013077
0.973333 0.013077
0.973333 0.012692
0.973333 0.012308
0.973333 0.011923
0.973333 0.011538
0.972917 0.011538
0.972500 0.011538
0.972500 0.011154
0.972500 0.010769
0.972083 0.010769
0.972083 0.010385
0.971667 0.010385
0.971250 0.010385
0.970833 0.010385
0.970417 0.010385
0.970000 0.010385
0.970000 0.010000
0.969583 0.010000
0.969167 0.010000
0.969167 0.009615
0.968750 0.009615
0.968333 0.009615
0.968333 0.009231
0.967917 0.009231
0.967917 0.008846
0.967500 0.008846
0.967500 0.008462
0.967083 0.008462
0.966667 0.008462
0.966250 0.008462
0.965833 0.008462
0.965833 0.008077
0.965417 0.008077
0.965417 0.007692
0.965000 0.007692
0.964583 0.007692
0.964167 0.007692
0.964167 0.007308
0.964167 0.006923
0.963750 0.006923
0.963333 0.006923
0.963333 0.006538
0.962917 0.006538
0.962500 0.006538
0.962083 0.006538
0.961667 0.006538
0.961250 0.006538
0.960833 0.006538
0.960833 0.006154
0.960417 0.006154
0.960417 0.005769
0.960000 0.005769
0.960000 0.005385
0.959583 0.005385
0.959167 0.005385
0.958750 0.005385
0.958333 0.005385
0.958333 0.005000
0.957917 0.005000
0.957500 0.005000
0.957500 0.004615
0.957083 0.004615
0.956667 0.004615
0.956250 0.004615
0.956250 0.004231
0.955833 0.004231
0.955417 0.004231
0.955000 0.004231
0.954583 0.004231
0.954167 0.004231
0.953750 0.004231
0.953750 0.003846
0.953333 0.003846
0.952917 0.003846
0.952917 0.003462
0.952500 0.003462
0.952083 0.003462
0.951667 0.003462
0.951250 0.003462
0.950833 0.003462
0.950833 0.003077
0.950417 0.003077
0.950000 0.003077
0.949583 0.003077
0.949167 0.003077
0.948750 0.003077
0.948333 0.003077
0.947917 0.003077
0.947500 0.003077
0.947083 0.003077
0.946667 0.003077
0.946250 0.003077
0.945833 0.003077
0.945417 0.003077
0.945000 0.003077
0.944583 0.003077
0.944167 0.003077
0.943750 0.003077
0.943333 0.003077
0.943333 0.002692
0.942917 0.002692
0.942500 0.002692
0.942083 0.002692
0.941667 0.002692
0.941250 0.002692
0.940833 0.002692
0.940417 0.002692
0.940000 0.002692
0.939583 0.002692
0.939167 0.002692
0.938750 0.002692
0.938333 0.002692
0.937917 0.002692
0.937500 0.002692
0.937083 0.002692
0.936667 0.002692
0.936250 0.002692
0.935833 0.002692
0.935417 0.002692
0.935000 0.002692
0.934583 0.002692
0.934167 0.002692
0.933750 0.002692
0.933333 0.002692
0.932917 0.002692
0.932500 0.002692
0.932083 0.002692
0.931667 0.002692
0.931250 0.002692
0.930833 0.002692
0.930417 0.002692
0.930000 0.002692
0.929583 0.002692
0.929167 0.002692
0.928750 0.002692
0.928333 0.002692
0.927917 0.002692
0.927500 0.002692
0.927083 0.002692
0.926667 0.002692
0.926250 0.002692
0.925833 0.002692
0.925417 0.002692
0.925000 0.002692
0.924583 0.002692
0.924167 0.002692
0.923750 0.002692
0.923333 0.002692
0.922917 0.002692
0.922500 0.002692
0.922083 0.002692
0.921667 0.002692
0.921250 0.002692
0.920833 0.002692
0.920417 0.002692
0.920000 0.002692
0.919583 0.002692
0.919167 0.002692
0.918750 0.002692
0.918333 0.002692
0.917917 0.002692
0.917500 0.002692
0.917083 0.002692
0.916667 0.002692
0.916250 0.002692
0.915833 0.002692
0.915417 0.002692
0.915000 0.002692
0.914583 0.002692
0.914167 0.002692
0.913750 0.002692
0.913333 0.002692
0.912917 0.002692
0.912500 0.002692
0.912083 0.002692
0.911667 0.002692
0.911250 0.002692
0.910833 0.002692
0.910417 0.002692
0.910000 0.002692
0.909583 0.002692
0.909167 0.002692
0.908750 0.002692
0.908333 0.002692
0.907917 0.002692
0.907500 0.002692
0.907083 0.002692
0.906667 0.002692
0.906250 0.002692
0.905833 0.002692
0.905417 0.002692
0.905000 0.002692
0.904583 0.002692
0.904167 0.002692
0.903750 0.002692
0.903333 0.002692
0.902917 0.002692
0.902500 0.002692
0.902083 0.002692
0.901667 0.002692
0.901250 0.002692
0.900833 0.002692
0.900417 0.002692
0.900000 0.002692
0.899583 0.002692
0.899167 0.002692
0.898750 0.002692
0.898333 0.002692
0.897917 0.002692
0.897500 0.002692
0.897083 0.002692
0.896667 0.002692
0.896250 0.002692
0.895833 0.002692
0.895417 0.002692
0.895000 0.002692
0.894583 0.002692
0.894167 0.002692
0.893750 0.002692
0.893333 0.002692
0.892917 0.002692
0.892500 0.002692
0.892083 0.002692
0.891667 0.002692
0.891250 0.002692
0.890833 0.002692
0.890417 0.002692
0.890000 0.002692
0.889583 0.002692
0.889167 0.002692
0.888750 0.002692
0.888333 0.002692
0.887917 0.002692
0.887500 0.002692
0.887083 0.002692
0.886667 0.002692
0.886250 0.002692
0.885833 0.002692
0.885417 0.002692
0.885000 0.002692
0.884583 0.002692
0.884167 0.002692
0.883750 0.002692
0.883333 0.002692
0.882917 0.002692
0.882500 0.002692
0.882083 0.002692
0.881667 0.002692
0.881250 0.002692
0.880833 0.002692
0.880417 0.002692
0.880000 0.002692
0.879583 0.002692
0.879167 0.002692
0.878750 0.002692
0.878333 0.002692
0.877917 0.002692
0.877500 0.002692
0.877083 0.002692
0.876667 0.002692
0.876250 0.002692
0.875833 0.002692
0.875417 0.002692
0.875000 0.002692
0.874583 0.002692
0.874167 0.002692
0.873750 0.002692
0.873333 0.002692
0.872917 0.002692
0.872500 0.002692
0.872083 0.002692
0.871667 0.002692
0.871250 0.002692
0.870833 0.002692
0.870417 0.002692
0.870000 0.002692
0.869583 0.002692
0.869167 0.002692
0.868750 0.002692
0.868333 0.002692
0.867917 0.002692
0.867500 0.002692
0.867083 0.002692
0.866667 0.002692
0.866250 0.002692
0.865833 0.002692
0.865417 0.002692
0.865000 0.002692
0.864583 0.002692
0.864167 0.002692
0.863750 0.002692
0.863333 0.002692
0.862917 0.002692
0.862500 0.002692
0.862083 0.002692
0.861667 0.002692
0.861250 0.002692
0.860833 0.002692
0.860417 0.002692
0.860000 0.002692
0.859583 0.002692
0.859167 0.002692
0.858750 0.002692
0.858333 0.002692
0.857917 0.002692
0.857500 0.002692
0.857083 0.002692
0.856667 0.002692
0.856250 0.002692
0.855833 0.002692
0.855417 0.002692
0.855000 0.002692
0.854583 0.002692
0.854167 0.002692
0.853750 0.002692
0.853333 0.002692
0.852917 0.002692
0.852500 0.002692
0.852083 0.002692
0.851667 0.002692
0.851250 0.002692
0.850833 0.002692
0.850417 0.002692
0.850000 0.002692
0.849583 0.002692
0.849167 0.002692
0.848750 0.002692
0.848333 0.002692
0.847917 0.002692
0.847500 0.002692
0.847083 0.002692
0.846667 0.002692
0.846250 0.002692
0.845833 0.002692
0.845417 0.002692
0.845000 0.002692
0.844583 0.002692
0.844167 0.002692
0.843750 0.002692
0.843333 0.002692
0.842917 0.002692
0.842500 0.002692
0.842083 0.002692
0.841667 0.002692
0.841250 0.002692
0.840833 0.002692
0.840417 0.002692
0.840000 0.002692
0.839583 0.002692
0.839167 0.002692
0.838750 0.002692
0.838333 0.002692
0.837917 0.002692
0.837500 0.002692
0.837083 0.002692
0.836667 0.002692
0.836250 0.002692
0.835833 0.002692
0.835417 0.002692
0.835000 0.002692
0.835000 0.002308
0.834583 0.002308
0.834167 0.002308
0.833750 0.002308
0.833333 0.002308
0.832917 0.002308
0.832500 0.002308
0.832083 0.002308
0.831667 0.002308
0.831250 0.002308
0.830833 0.002308
0.830417 0.002308
0.830000 0.002308
0.829583 0.002308
0.829167 0.002308
0.828750 0.002308
0.828333 0.002308
0.827917 0.002308
0.827500 0.002308
0.827083 0.002308
0.826667 0.002308
0.826250 0.002308
0.825833 0.002308
0.825417 0.002308
0.825000 0.002308
0.824583 0.002308
0.824167 0.002308
0.823750 0.002308
0.823333 0.002308
0.822917 0.002308
0.822500 0.002308
0.822083 0.002308
0.821667 0.002308
0.821250 0.002308
0.820833 0.002308
0.820417 0.002308
0.820000 0.002308
0.819583 0.002308
0.819167 0.002308
0.818750 0.002308
0.818333 0.002308
0.817917 0.002308
0.817500 0.002308
0.817083 0.002308
0.816667 0.002308
0.816250 0.002308
0.815833 0.002308
0.815417 0.002308
0.815000 0.002308
0.814583 0.002308
0.814167 0.002308
0.813750 0.002308
0.813333 0.002308
0.812917 0.002308
0.812500 0.002308
0.812083 0.002308
0.811667 0.002308
0.811250 0.002308
0.810833 0.002308
0.810417 0.002308
0.810000 0.002308
0.809583 0.002308
0.809167 0.002308
0.808750 0.002308
0.808333 0.002308
0.807917 0.002308
0.807500 0.002308
0.807083 0.002308
0.806667 0.002308
0.806250 0.002308
0.805833 0.002308
0.805417 0.002308
0.805000 0.002308
0.804583 0.002308
0.804167 0.002308
0.803750 0.002308
0.803333 0.002308
0.802917 0.002308
0.802500 0.002308
0.802083 0.002308
0.801667 0.002308
0.801250 0.002308
0.800833 0.002308
0.800417 0.002308
0.800000 0.002308
0.799583 0.002308
0.799167 0.002308
0.798750 0.002308
0.798333 0.002308
0.797917 0.002308
0.797500 0.002308
0.797083 0.002308
0.796667 0.002308
0.796250 0.002308
0.795833 0.002308
0.795417 0.002308
0.795000 0.002308
0.794583 0.002308
0.794167 0.002308
0.793750 0.002308
0.793333 0.002308
0.792917 0.002308
0.792500 0.002308
0.792083 0.002308
0.791667 0.002308
0.791250 0.002308
0.790833 0.002308
0.790417 0.002308
0.790000 0.002308
0.789583 0.002308
0.789167 0.002308
0.788750 0.002308
0.788333 0.002308
0.787917 0.002308
0.787500 0.002308
0.787083 0.002308
0.786667 0.002308
0.786250 0.002308
0.785833 0.002308
0.785417 0.002308
0.785000 0.002308
0.784583 0.002308
0.784167 0.002308
0.783750 0.002308
0.783333 0.002308
0.782917 0.002308
0.782500 0.002308
0.782083 0.002308
0.781667 0.002308
0.781250 0.002308
0.780833 0.002308
0.780417 0.002308
0.780000 0.002308
0.779583 0.002308
0.779167 0.002308
0.778750 0.002308
0.778333 0.002308
0.777917 0.002308
0.777500 0.002308
0.777083 0.002308
0.776667 0.002308
0.776250 0.002308
0.775833 0.002308
0.775417 0.002308
0.775000 0.002308
0.774583 0.002308
0.774167 0.002308
0.773750 0.002308
0.773333 0.002308
0.772917 0.002308
0.772500 0.002308
0.772083 0.002308
0.771667 0.002308
0.771250 0.002308
0.770833 0.002308
0.770417 0.002308
0.770000 0.002308
0.769583 0.002308
0.769167 0.002308
0.768750 0.002308
0.768333 0.002308
0.767917 0.002308
0.767500 0.002308
0.767083 0.002308
0.766667 0.002308
0.766250 0.002308
0.765833 0.002308
0.765417 0.002308
0.765000 0.002308
0.764583 0.002308
0.764167 0.002308
0.763750 0.002308
0.763333 0.002308
0.762917 0.002308
0.762500 0.002308
0.762083 0.002308
0.761667 0.002308
0.761250 0.002308
0.760833 0.002308
0.760417 0.002308
0.760000 0.002308
0.759583 0.002308
0.759167 0.002308
0.758750 0.002308
0.758333 0.002308
0.757917 0.002308
0.757500 0.002308
0.757083 0.002308
0.756667 0.002308
0.756250 0.002308
0.755833 0.002308
0.755417 0.002308
0.755000 0.002308
0.754583 0.002308
0.754167 0.002308
0.753750 0.002308
0.753333 0.002308
0.752917 0.002308
0.752500 0.002308
0.752083 0.002308
0.751667 0.002308
0.751250 0.002308
0.750833 0.002308
0.750417 0.002308
0.750000 0.002308
0.749583 0.002308
0.749167 0.002308
0.748750 0.002308
0.748333 0.002308
0.747917 0.002308
0.747500 0.002308
0.747083 0.002308
0.746667 0.002308
0.746250 0.002308
0.745833 0.002308
0.745417 0.002308
0.745000 0.002308
0.744583 0.002308
0.744167 0.002308
0.743750 0.002308
0.743333 0.002308
0.742917 0.002308
0.742500 0.002308
0.742083 0.002308
0.741667 0.002308
0.741250 0.002308
0.740833 0.002308
0.740417 0.002308
0.740000 0.002308
0.739583 0.002308
0.739167 0.002308
0.738750 0.002308
0.738333 0.002308
0.737917 0.002308
0.737500 0.002308
0.737083 0.002308
0.736667 0.002308
0.736250 0.002308
0.735833 0.002308
0.735833 0.001923
0.735417 0.001923
0.735000 0.001923
0.734583 0.001923
0.734167 0.001923
0.733750 0.001923
0.733333 0.001923
0.732917 0.001923
0.732500 0.001923
0.732083 0.001923
0.731667 0.001923
0.731667 0.001538
0.731250 0.001538
0.730833 0.001538
0.730417 0.001538
0.730000 0.001538
0.729583 0.001538
0.729167 0.001538
0.728750 0.001538
0.728333 0.001538
0.727917 0.001538
0.727500 0.001538
0.727083 0.001538
0.726667 0.001538
0.726250 0.001538
0.725833 0.001538
0.725417 0.001538
0.725000 0.001538
0.724583 0.001538
0.724167 0.001538
0.723750 0.001538
0.723333 0.001538
0.722917 0.001538
0.722500 0.001538
0.722083 0.001538
0.721667 0.001538
0.721250 0.001538
0.720833 0.001538
0.720417 0.001538
0.720000 0.001538
0.719583 0.001538
0.719167 0.001538
0.718750 0.001538
0.718333 0.001538
0.717917 0.001538
0.717500 0.001538
0.717083 0.001538
0.716667 0.001538
0.716250 0.001538
0.715833 0.001538
0.715417 0.001538
0.715000 0.001538
0.714583 0.001538
0.714167 0.001538
0.713750 0.001538
0.713333 0.001538
0.712917 0.001538
0.712500 0.001538
0.712083 0.001538
0.711667 0.001538
0.711250 0.001538
0.710833 0.001538
0.710417 0.001538
0.710000 0.001538
0.709583 0.001538
0.709167 0.001538
0.708750 0.001538
0.708333 0.001538
0.707917 0.001538
0.707500 0.001538
0.707083 0.001538
0.706667 0.001538
0.706250 0.001538
0.705833 0.001538
0.705417 0.001538
0.705000 0.001538
0.705000 0.001154
0.704583 0.001154
0.704167 0.001154
0.703750 0.001154
0.703333 0.001154
0.702917 0.001154
0.702500 0.001154
0.702083 0.001154
0.701667 0.001154
0.701250 0.001154
0.700833 0.001154
0.700417 0.001154
0.700000 0.001154
0.699583 0.001154
0.699167 0.001154
0.698750 0.001154
0.698333 0.001154
0.697917 0.001154
0.697500 0.001154
0.697083 0.001154
0.696667 0.001154
0.696250 0.001154
0.695833 0.001154
0.695417 0.001154
0.695000 0.001154
0.694583 0.001154
0.694167 0.001154
0.693750 0.001154
0.693333 0.001154
0.692917 0.001154
0.692500 0.001154
0.692083 0.001154
0.691667 0.001154
0.691250 0.001154
0.690833 0.001154
0.690417 0.001154
0.690000 0.001154
0.689583 0.001154
0.689167 0.001154
0.688750 0.001154
0.688333 0.001154
0.687917 0.001154
0.687500 0.001154
0.687083 0.001154
0.686667 0.001154
0.686250 0.001154
0.685833 0.001154
0.685417 0.001154
0.685000 0.001154
0.684583 0.001154
0.684167 0.001154
0.683750 0.001154
0.683333 0.001154
0.682917 0.001154
0.682500 0.001154
0.682083 0.001154
0.681667 0.001154
0.681250 0.001154
0.680833 0.001154
0.680417 0.001154
0.680000 0.001154
0.679583 0.001154
0.679167 0.001154
0.678750 0.001154
0.678333 0.001154
0.677917 0.001154
0.677500 0.001154
0.677083 0.001154
0.676667 0.001154
0.676250 0.001154
0.675833 0.001154
0.675417 0.001154
0.675000 0.001154
0.674583 0.001154
0.674167 0.001154
0.673750 0.001154
0.673333 0.001154
0.672917 0.001154
0.672500 0.001154
0.672083 0.001154
0.671667 0.001154
0.671250 0.001154
0.670833 0.001154
0.670417 0.001154
0.670000 0.001154
0.669583 0.001154
0.669167 0.001154
0.668750 0.001154
0.668333 0.001154
0.667917 0.001154
0.667500 0.001154
0.667500 0.000769
0.667083 0.000769
0.666667 0.000769
0.666250 0.000769
0.665833 0.000769
0.665417 0.000769
0.665000 0.000769
0.664583 0.000769
0.664167 0.000769
0.663750 0.000769
0.663333 0.000769
0.662917 0.000769
0.662500 0.000769
0.662083 0.000769
0.661667 0.000769
0.661250 0.000769
0.660833 0.000769
0.660417 0.000769
0.660000 0.000769
0.659583 0.000769
0.659167 0.000769
0.658750 0.000769
0.658333 0.000769
0.657917 0.000769
0.657500 0.000769
0.657083 0.000769
0.656667 0.000769
0.656250 0.000769
0.655833 0.000769
0.655417 0.000769
0.655000 0.000769
0.654583 0.000769
0.654167 0.000769
0.653750 0.000769
0.653333 0.000769
0.652917 0.000769
0.652500 0.000769
0.652083 0.000769
0.651667 0.000769
0.651250 0.000769
0.650833 0.000769
0.650417 0.000769
0.650000 0.000769
0.649583 0.000769
0.649167 0.000769
0.648750 0.000769
0.648333 0.000769
0.647917 0.000769
0.647500 0.000769
0.647083 0.000769
0.646667 0.000769
0.646250 0.000769
0.645833 0.000769
0.645417 0.000769
0.645000 0.000769
0.644583 0.000769
0.644167 0.000769
0.643750 0.000769
0.643333 0.000769
0.642917 0.000769
0.642500 0.000769
0.642083 0.000769
0.641667 0.000769
0.641250 0.000769
0.640833 0.000769
0.640417 0.000769
0.640000 0.000769
0.639583 0.000769
0.639167 0.000769
0.638750 0.000769
0.638333 0.000769
0.637917 0.000769
0.637500 0.000769
0.637083 0.000769
0.636667 0.000769
0.636250 0.000769
0.635833 0.000769
0.635417 0.000769
0.635000 0.000769
0.634583 0.000769
0.634167 0.000769
0.633750 0.000769
0.633333 0.000769
0.632917 0.000769
0.632500 0.000769
0.632083 0.000769
0.631667 0.000769
0.631250 0.000769
0.630833 0.000769
0.630417 0.000769
0.630000 0.000769
0.629583 0.000769
0.629167 0.000769
0.628750 0.000769
0.628333 0.000769
0.627917 0.000769
0.627500 0.000769
0.627083 0.000769
0.626667 0.000769
0.626250 0.000769
0.625833 0.000769
0.625417 0.000769
0.625000 0.000769
0.624583 0.000769
0.624167 0.000769
0.623750 0.000769
0.623333 0.000769
0.622917 0.000769
0.622500 0.000769
0.622083 0.000769
0.621667 0.000769
0.621250 0.000769
0.620833 0.000769
0.620417 0.000769
0.620000 0.000769
0.619583 0.000769
0.619167 0.000769
0.618750 0.000769
0.618333 0.000769
0.617917 0.000769
0.617500 0.000769
0.617083 0.000769
0.616667 0.000769
0.616250 0.000769
0.615833 0.000769
0.615417 0.000769
0.615000 0.000769
0.614583 0.000769
0.614167 0.000769
0.613750 0.000769
0.613333 0.000769
0.612917 0.000769
0.612500 0.000769
0.612083 0.000769
0.611667 0.000769
0.611250 0.000769
0.610833 0.000769
0.610417 0.000769
0.610000 0.000769
0.609583 0.000769
0.609167 0.000769
0.608750 0.000769
0.608333 0.000769
0.607917 0.000769
0.607500 0.000769
0.607083 0.000769
0.606667 0.000769
0.606250 0.000769
0.605833 0.000769
0.605417 0.000769
0.605000 0.000769
0.604583 0.000769
0.604167 0.000769
0.603750 0.000769
0.603333 0.000769
0.602917 0.000769
0.602500 0.000769
0.602083 0.000769
0.601667 0.000769
0.601250 0.000769
0.600833 0.000769
0.600417 0.000769
0.600000 0.000769
0.599583 0.000769
0.599167 0.000769
0.598750 0.000769
0.598333 0.000769
0.597917 0.000769
0.597500 0.000769
0.597083 0.000769
0.596667 0.000769
0.596250 0.000769
0.595833 0.000769
0.595417 0.000769
0.595000 0.000769
0.594583 0.000769
0.594167 0.000769
0.593750 0.000769
0.593333 0.000769
0.592917 0.000769
0.592500 0.000769
0.592083 0.000769
0.591667 0.000769
0.591250 0.000769
0.590833 0.000769
0.590417 0.000769
0.590000 0.000769
0.589583 0.000769
0.589167 0.000769
0.588750 0.000769
0.588333 0.000769
0.587917 0.000769
0.587500 0.000769
0.587083 0.000769
0.586667 0.000769
0.586250 0.000769
0.585833 0.000769
0.585417 0.000769
0.585000 0.000769
0.584583 0.000769
0.584167 0.000769
0.583750 0.000769
0.583333 0.000769
0.582917 0.000769
0.582500 0.000769
0.582083 0.000769
0.581667 0.000769
0.581250 0.000769
0.580833 0.000769
0.580417 0.000769
0.580000 0.000769
0.579583 0.000769
0.579167 0.000769
0.578750 0.000769
0.578333 0.000769
0.577917 0.000769
0.577500 0.000769
0.577083 0.000769
0.576667 0.000769
0.576250 0.000769
0.575833 0.000769
0.575417 0.000769
0.575000 0.000769
0.574583 0.000769
0.574167 0.000769
0.573750 0.000769
0.573333 0.000769
0.572917 0.000769
0.572500 0.000769
0.572083 0.000769
0.571667 0.000769
0.571250 0.000769
0.570833 0.000769
0.570417 0.000769
0.570000 0.000769
0.569583 0.000769
0.569167 0.000769
0.568750 0.000769
0.568333 0.000769
0.567917 0.000769
0.567500 0.000769
0.567083 0.000769
0.566667 0.000769
0.566667 0.000385
0.566250 0.000385
0.565833 0.000385
0.565417 0.000385
0.565000 0.000385
0.564583 0.000385
0.564167 0.000385
0.563750 0.000385
0.563333 0.000385
0.562917 0.000385
0.562500 0.000385
0.562083 0.000385
0.561667 0.000385
0.561250 0.000385
0.560833 0.000385
0.560417 0.000385
0.560000 0.000385
0.559583 0.000385
0.559167 0.000385
0.558750 0.000385
0.558333 0.000385
0.557917 0.000385
0.557500 0.000385
0.557083 0.000385
0.556667 0.000385
0.556250 0.000385
0.555833 0.000385
0.555417 0.000385
0.555000 0.000385
0.554583 0.000385
0.554167 0.000385
0.553750 0.000385
0.553333 0.000385
0.552917 0.000385
0.552500 0.000385
0.552083 0.000385
0.551667 0.000385
0.551250 0.000385
0.550833 0.000385
0.550417 0.000385
0.550000 0.000385
0.549583 0.000385
0.549167 0.000385
0.548750 0.000385
0.548333 0.000385
0.547917 0.000385
0.547500 0.000385
0.547083 0.000385
0.546667 0.000385
0.546250 0.000385
0.545833 0.000385
0.545417 0.000385
0.545000 0.000385
0.544583 0.000385
0.544167 0.000385
0.543750 0.000385
0.543333 0.000385
0.542917 0.000385
0.542500 0.000385
0.542083 0.000385
0.541667 0.000385
0.541250 0.000385
0.540833 0.000385
0.540417 0.000385
0.540000 0.000385
0.539583 0.000385
0.539167 0.000385
0.538750 0.000385
0.538333 0.000385
0.537917 0.000385
0.537500 0.000385
0.537083 0.000385
0.536667 0.000385
0.536250 0.000385
0.535833 0.000385
0.535417 0.000385
0.535000 0.000385
0.534583 0.000385
0.534167 0.000385
0.533750 0.000385
0.533333 0.000385
0.532917 0.000385
0.532500 0.000385
0.532083 0.000385
0.531667 0.000385
0.531250 0.000385
0.530833 0.000385
0.530417 0.000385
0.530000 0.000385
0.529583 0.000385
0.529167 0.000385
0.528750 0.000385
0.528333 0.000385
0.527917 0.000385
0.527500 0.000385
0.527083 0.000385
0.526667 0.000385
0.526250 0.000385
0.525833 0.000385
0.525417 0.000385
0.525000 0.000385
0.524583 0.000385
0.524167 0.000385
0.523750 0.000385
0.523333 0.000385
0.522917 0.000385
0.522500 0.000385
0.522083 0.000385
0.521667 0.000385
0.521250 0.000385
0.520833 0.000385
0.520417 0.000385
0.520000 0.000385
0.519583 0.000385
0.519167 0.000385
0.518750 0.000385
0.518333 0.000385
0.517917 0.000385
0.517500 0.000385
0.517083 0.000385
0.516667 0.000385
0.516250 0.000385
0.515833 0.000385
0.515417 0.000385
0.515000 0.000385
0.514583 0.000385
0.514167 0.000385
0.513750 0.000385
0.513333 0.000385
0.512917 0.000385
0.512500 0.000385
0.512083 0.000385
0.511667 0.000385
0.511250 0.000385
0.510833 0.000385
0.510417 0.000385
0.510000 0.000385
0.509583 0.000385
0.509167 0.000385
0.508750 0.000385
0.508333 0.000385
0.507917 0.000385
0.507500 0.000385
0.507083 0.000385
0.506667 0.000385
0.506250 0.000385
0.505833 0.000385
0.505417 0.000385
0.505000 0.000385
0.504583 0.000385
0.504167 0.000385
0.503750 0.000385
0.503333 0.000385
0.502917 0.000385
0.502500 0.000385
0.502083 0.000385
0.501667 0.000385
0.501250 0.000385
0.500833 0.000385
0.500417 0.000385
0.500000 0.000385
0.499583 0.000385
0.499167 0.000385
0.498750 0.000385
0.498333 0.000385
0.497917 0.000385
0.497500 0.000385
0.497083 0.000385
0.496667 0.000385
0.496250 0.000385
0.495833 0.000385
0.495417 0.000385
0.495000 0.000385
0.494583 0.000385
0.494167 0.000385
0.493750 0.000385
0.493333 0.000385
0.492917 0.000385
0.492500 0.000385
0.492083 0.000385
0.491667 0.000385
0.491250 0.000385
0.490833 0.000385
0.490417 0.000385
0.490000 0.000385
0.489583 0.000385
0.489167 0.000385
0.488750 0.000385
0.488333 0.000385
0.487917 0.000385
0.487500 0.000385
0.487083 0.000385
0.486667 0.000385
0.486250 0.000385
0.485833 0.000385
0.485417 0.000385
0.485000 0.000385
0.484583 0.000385
0.484167 0.000385
0.483750 0.000385
0.483333 0.000385
0.482917 0.000385
0.482500 0.000385
0.482083 0.000385
0.481667 0.000385
0.481250 0.000385
0.480833 0.000385
0.480417 0.000385
0.480000 0.000385
0.479583 0.000385
0.479167 0.000385
0.478750 0.000385
0.478333 0.000385
0.477917 0.000385
0.477500 0.000385
0.477083 0.000385
0.476667 0.000385
0.476250 0.000385
0.475833 0.000385
0.475417 0.000385
0.475000 0.000385
0.474583 0.000385
0.474167 0.000385
0.473750 0.000385
0.473333 0.000385
0.472917 0.000385
0.472500 0.000385
0.472083 0.000385
0.471667 0.000385
0.471250 0.000385
0.470833 0.000385
0.470417 0.000385
0.470000 0.000385
0.469583 0.000385
0.469167 0.000385
0.468750 0.000385
0.468333 0.000385
0.467917 0.000385
0.467500 0.000385
0.467083 0.000385
0.466667 0.000385
0.466250 0.000385
0.465833 0.000385
0.465417 0.000385
0.465000 0.000385
0.464583 0.000385
0.464167 0.000385
0.463750 0.000385
0.463333 0.000385
0.462917 0.000385
0.462500 0.000385
0.462083 0.000385
0.461667 0.000385
0.461250 0.000385
0.460833 0.000385
0.460417 0.000385
0.460000 0.000385
0.459583 0.000385
0.459167 0.000385
0.458750 0.000385
0.458333 0.000385
0.457917 0.000385
0.457500 0.000385
0.457083 0.000385
0.456667 0.000385
0.456250 0.000385
0.455833 0.000385
0.455417 0.000385
0.455000 0.000385
0.454583 0.000385
0.454167 0.000385
0.453750 0.000385
0.453333 0.000385
0.452917 0.000385
0.452500 0.000385
0.452083 0.000385
0.451667 0.000385
0.451250 0.000385
0.450833 0.000385
0.450417 0.000385
0.450000 0.000385
0.449583 0.000385
0.449167 0.000385
0.448750 0.000385
0.448333 0.000385
0.447917 0.000385
0.447500 0.000385
0.447083 0.000385
0.446667 0.000385
0.446250 0.000385
0.445833 0.000385
0.445417 0.000385
0.445000 0.000385
0.444583 0.000385
0.444167 0.000385
0.443750 0.000385
0.443333 0.000385
0.442917 0.000385
0.442500 0.000385
0.442083 0.000385
0.441667 0.000385
0.441250 0.000385
0.440833 0.000385
0.440417 0.000385
0.440000 0.000385
0.439583 0.000385
0.439167 0.000385
0.438750 0.000385
0.438333 0.000385
0.437917 0.000385
0.437500 0.000385
0.437083 0.000385
0.436667 0.000385
0.436250 0.000385
0.435833 0.000385
0.435417 0.000385
0.435000 0.000385
0.434583 0.000385
0.434167 0.000385
0.433750 0.000385
0.433333 0.000385
0.432917 0.000385
0.432500 0.000385
0.432083 0.000385
0.431667 0.000385
0.431250 0.000385
0.430833 0.000385
0.430417 0.000385
0.430000 0.000385
0.429583 0.000385
0.429167 0.000385
0.428750 0.000385
0.428333 0.000385
0.427917 0.000385
0.427500 0.000385
0.427083 0.000385
0.426667 0.000385
0.426250 0.000385
0.425833 0.000385
0.425417 0.000385
0.425000 0.000385
0.424583 0.000385
0.424167 0.000385
0.423750 0.000385
0.423333 0.000385
0.422917 0.000385
0.422500 0.000385
0.422083 0.000385
0.421667 0.000385
0.421250 0.000385
0.420833 0.000385
0.420417 0.000385
0.420000 0.000385
0.419583 0.000385
0.419167 0.000385
0.418750 0.000385
0.418333 0.000385
0.417917 0.000385
0.417500 0.000385
0.417083 0.000385
0.416667 0.000385
0.416250 0.000385
0.415833 0.000385
0.415417 0.000385
0.415000 0.000385
0.414583 0.000385
0.414167 0.000385
0.413750 0.000385
0.413333 0.000385
0.412917 0.000385
0.412500 0.000385
0.412083 0.000385
0.411667 0.000385
0.411250 0.000385
0.410833 0.000385
0.410417 0.000385
0.410000 0.000385
0.409583 0.000385
0.409167 0.000385
0.408750 0.000385
0.408333 0.000385
0.407917 0.000385
0.407500 0.000385
0.407083 0.000385
0.406667 0.000385
0.406250 0.000385
0.405833 0.000385
0.405417 0.000385
0.405000 0.000385
0.404583 0.000385
0.404167 0.000385
0.403750 0.000385
0.403333 0.000385
0.402917 0.000385
0.402500 0.000385
0.402083 0.000385
0.401667 0.000385
0.401250 0.000385
0.400833 0.000385
0.400417 0.000385
0.400000 0.000385
0.399583 0.000385
0.399167 0.000385
0.398750 0.000385
0.398333 0.000385
0.397917 0.000385
0.397500 0.000385
0.397083 0.000385
0.396667 0.000385
0.396250 0.000385
0.395833 0.000385
0.395417 0.000385
0.395000 0.000385
0.394583 0.000385
0.394167 0.000385
0.393750 0.000385
0.393333 0.000385
0.392917 0.000385
0.392500 0.000385
0.392083 0.000385
0.391667 0.000385
0.391250 0.000385
0.390833 0.000385
0.390417 0.000385
0.390000 0.000385
0.389583 0.000385
0.389167 0.000385
0.388750 0.000385
0.388333 0.000385
0.387917 0.000385
0.387500 0.000385
0.387083 0.000385
0.386667 0.000385
0.386250 0.000385
0.385833 0.000385
0.385417 0.000385
0.385000 0.000385
0.384583 0.000385
0.384167 0.000385
0.383750 0.000385
0.383333 0.000385
0.382917 0.000385
0.382500 0.000385
0.382083 0.000385
0.381667 0.000385
0.381250 0.000385
0.380833 0.000385
0.380417 0.000385
0.380000 0.000385
0.379583 0.000385
0.379167 0.000385
0.378750 0.000385
0.378333 0.000385
0.377917 0.000385
0.377500 0.000385
0.377083 0.000385
0.376667 0.000385
0.376250 0.000385
0.375833 0.000385
0.375417 0.000385
0.375000 0.000385
0.374583 0.000385
0.374167 0.000385
0.373750 0.000385
0.373333 0.000385
0.372917 0.000385
0.372500 0.000385
0.372083 0.000385
0.371667 0.000385
0.371250 0.000385
0.370833 0.000385
0.370417 0.000385
0.370000 0.000385
0.369583 0.000385
0.369167 0.000385
0.368750 0.000385
0.368333 0.000385
0.367917 0.000385
0.367500 0.000385
0.367083 0.000385
0.366667 0.000385
0.366250 0.000385
0.365833 0.000385
0.365417 0.000385
0.365000 0.000385
0.364583 0.000385
0.364167 0.000385
0.363750 0.000385
0.363333 0.000385
0.362917 0.000385
0.362500 0.000385
0.362083 0.000385
0.361667 0.000385
0.361250 0.000385
0.360833 0.000385
0.360417 0.000385
0.360000 0.000385
0.359583 0.000385
0.359167 0.000385
0.358750 0.000385
0.358333 0.000385
0.357917 0.000385
0.357500 0.000385
0.357083 0.000385
0.356667 0.000385
0.356250 0.000385
0.355833 0.000385
0.355417 0.000385
0.355000 0.000385
0.354583 0.000385
0.354167 0.000385
0.353750 0.000385
0.353333 0.000385
0.352917 0.000385
0.352500 0.000385
0.352083 0.000385
0.351667 0.000385
0.351250 0.000385
0.350833 0.000385
0.350417 0.000385
0.350000 0.000385
0.349583 0.000385
0.349167 0.000385
0.348750 0.000385
0.348333 0.000385
0.347917 0.000385
0.347500 0.000385
0.347083 0.000385
0.346667 0.000385
0.346250 0.000385
0.345833 0.000385
0.345417 0.000385
0.345000 0.000385
0.344583 0.000385
0.344167 0.000385
0.343750 0.000385
0.343333 0.000385
0.342917 0.000385
0.342500 0.000385
0.342083 0.000385
0.341667 0.000385
0.341250 0.000385
0.340833 0.000385
0.340417 0.000385
0.340000 0.000385
0.339583 0.000385
0.339167 0.000385
0.338750 0.000385
0.338333 0.000385
0.337917 0.000385
0.337500 0.000385
0.337083 0.000385
0.336667 0.000385
0.336250 0.000385
0.335833 0.000385
0.335417 0.000385
0.335000 0.000385
0.334583 0.000385
0.334167 0.000385
0.333750 0.000385
0.333333 0.000385
0.332917 0.000385
0.332500 0.000385
0.332083 0.000385
0.331667 0.000385
0.331250 0.000385
0.330833 0.000385
0.330417 0.000385
0.330000 0.000385
0.329583 0.000385
0.329167 0.000385
0.328750 0.000385
0.328333 0.000385
0.327917 0.000385
0.327500 0.000385
0.327083 0.000385
0.326667 0.000385
0.326250 0.000385
0.325833 0.000385
0.325417 0.000385
0.325000 0.000385
0.324583 0.000385
0.324167 0.000385
0.323750 0.000385
0.323333 0.000385
0.322917 0.000385
0.322500 0.000385
0.322083 0.000385
0.321667 0.000385
0.321250 0.000385
0.320833 0.000385
0.320417 0.000385
0.320000 0.000385
0.319583 0.000385
0.319167 0.000385
0.318750 0.000385
0.318333 0.000385
0.317917 0.000385
0.317500 0.000385
0.317083 0.000385
0.316667 0.000385
0.316250 0.000385
0.315833 0.000385
0.315417 0.000385
0.315000 0.000385
0.314583 0.000385
0.314167 0.000385
0.313750 0.000385
0.313333 0.000385
0.312917 0.000385
0.312500 0.000385
0.312083 0.000385
0.311667 0.000385
0.311250 0.000385
0.310833 0.000385
0.310417 0.000385
0.310000 0.000385
0.309583 0.000385
0.309167 0.000385
0.308750 0.000385
0.308333 0.000385
0.307917 0.000385
0.307500 0.000385
0.307083 0.000385
0.306667 0.000385
0.306250 0.000385
0.305833 0.000385
0.305417 0.000385
0.305000 0.000385
0.304583 0.000385
0.304167 0.000385
0.303750 0.000385
0.303333 0.000385
0.302917 0.000385
0.302500 0.000385
0.302083 0.000385
0.301667 0.000385
0.301250 0.000385
0.300833 0.000385
0.300417 0.000385
0.300000 0.000385
0.299583 0.000385
0.299167 0.000385
0.298750 0.000385
0.298333 0.000385
0.297917 0.000385
0.297500 0.000385
0.297083 0.000385
0.296667 0.000385
0.296250 0.000385
0.295833 0.000385
0.295417 0.000385
0.295000 0.000385
0.294583 0.000385
0.294167 0.000385
0.293750 0.000385
0.293333 0.000385
0.292917 0.000385
0.292500 0.000385
0.292083 0.000385
0.291667 0.000385
0.291250 0.000385
0.290833 0.000385
0.290417 0.000385
0.290000 0.000385
0.289583 0.000385
0.289167 0.000385
0.288750 0.000385
0.288333 0.000385
0.287917 0.000385
0.287500 0.000385
0.287083 0.000385
0.286667 0.000385
0.286250 0.000385
0.285833 0.000385
0.285417 0.000385
0.285000 0.000385
0.284583 0.000385
0.284167 0.000385
0.283750 0.000385
0.283333 0.000385
0.282917 0.000385
0.282500 0.000385
0.282083 0.000385
0.281667 0.000385
0.281250 0.000385
0.280833 0.000385
0.280417 0.000385
0.280000 0.000385
0.279583 0.000385
0.279167 0.000385
0.278750 0.000385
0.278333 0.000385
0.277917 0.000385
0.277500 0.000385
0.277083 0.000385
0.276667 0.000385
0.276250 0.000385
0.275833 0.000385
0.275417 0.000385
0.275000 0.000385
0.274583 0.000385
0.274167 0.000385
0.273750 0.000385
0.273333 0.000385
0.272917 0.000385
0.272500 0.000385
0.272083 0.000385
0.271667 0.000385
0.271250 0.000385
0.270833 0.000385
0.270417 0.000385
0.270000 0.000385
0.269583 0.000385
0.269167 0.000385
0.268750 0.000385
0.268333 0.000385
0.267917 0.000385
0.267500 0.000385
0.267083 0.000385
0.266667 0.000385
0.266250 0.000385
0.265833 0.000385
0.265417 0.000385
0.265000 0.000385
0.264583 0.000385
0.264167 0.000385
0.263750 0.000385
0.263333 0.000385
0.262917 0.000385
0.262500 0.000385
0.262083 0.000385
0.261667 0.000385
0.261250 0.000385
0.260833 0.000385
0.260417 0.000385
0.260000 0.000385
0.259583 0.000385
0.259167 0.000385
0.258750 0.000385
0.258333 0.000385
0.257917 0.000385
0.257500 0.000385
0.257083 0.000385
0.256667 0.000385
0.256250 0.000385
0.255833 0.000385
0.255417 0.000385
0.255000 0.000385
0.254583 0.000385
0.254167 0.000385
0.253750 0.000385
0.253333 0.000385
0.252917 0.000385
0.252500 0.000385
0.252083 0.000385
0.251667 0.000385
0.251250 0.000385
0.250833 0.000385
0.250417 0.000385
0.250000 0.000385
0.249583 0.000385
0.249167 0.000385
0.248750 0.000385
0.248333 0.000385
0.247917 0.000385
0.247500 0.000385
0.247083 0.000385
0.246667 0.000385
0.246250 0.000385
0.245833 0.000385
0.245417 0.000385
0.245000 0.000385
0.244583 0.000385
0.244167 0.000385
0.243750 0.000385
0.243333 0.000385
0.242917 0.000385
0.242500 0.000385
0.242083 0.000385
0.241667 0.000385
0.241250 0.000385
0.240833 0.000385
0.240417 0.000385
0.240000 0.000385
0.239583 0.000385
0.239167 0.000385
0.238750 0.000385
0.238333 0.000385
0.237917 0.000385
0.237500 0.000385
0.237083 0.000385
0.236667 0.000385
0.236250 0.000385
0.235833 0.000385
0.235417 0.000385
0.235000 0.000385
0.234583 0.000385
0.234167 0.000385
0.233750 0.000385
0.233333 0.000385
0.232917 0.000385
0.232500 0.000385
0.232083 0.000385
0.231667 0.000385
0.231250 0.000385
0.230833 0.000385
0.230417 0.000385
0.230000 0.000385
0.229583 0.000385
0.229167 0.000385
0.228750 0.000385
0.228333 0.000385
0.227917 0.000385
0.227500 0.000385
0.227083 0.000385
0.226667 0.000385
0.226250 0.000385
0.225833 0.000385
0.225417 0.000385
0.225000 0.000385
0.224583 0.000385
0.224167 0.000385
0.223750 0.000385
0.223333 0.000385
0.222917 0.000385
0.222500 0.000385
0.222083 0.000385
0.221667 0.000385
0.221250 0.000385
0.220833 0.000385
0.220417 0.000385
0.220000 0.000385
0.219583 0.000385
0.219167 0.000385
0.218750 0.000385
0.218333 0.000385
0.217917 0.000385
0.217500 0.000385
0.217083 0.000385
0.216667 0.000385
0.216250 0.000385
0.215833 0.000385
0.215417 0.000385
0.215000 0.000385
0.214583 0.000385
0.214167 0.000385
0.213750 0.000385
0.213333 0.000385
0.212917 0.000385
0.212500 0.000385
0.212083 0.000385
0.211667 0.000385
0.211250 0.000385
0.210833 0.000385
0.210417 0.000385
0.210000 0.000385
0.209583 0.000385
0.209167 0.000385
0.208750 0.000385
0.208333 0.000385
0.207917 0.000385
0.207500 0.000385
0.207083 0.000385
0.206667 0.000385
0.206250 0.000385
0.205833 0.000385
0.205417 0.000385
0.205000 0.000385
0.204583 0.000385
0.204167 0.000385
0.203750 0.000385
0.203333 0.000385
0.202917 0.000385
0.202500 0.000385
0.202083 0.000385
0.201667 0.000385
0.201250 0.000385
0.200833 0.000385
0.200417 0.000385
0.200000 0.000385
0.199583 0.000385
0.199167 0.000385
0.198750 0.000385
0.198333 0.000385
0.197917 0.000385
0.197500 0.000385
0.197083 0.000385
0.196667 0.000385
0.196250 0.000385
0.195833 0.000385
0.195417 0.000385
0.195000 0.000385
0.194583 0.000385
0.194167 0.000385
0.193750 0.000385
0.193333 0.000385
0.192917 0.000385
0.192500 0.000385
0.192083 0.000385
0.191667 0.000385
0.191250 0.000385
0.190833 0.000385
0.190417 0.000385
0.190000 0.000385
0.189583 0.000385
0.189167 0.000385
0.188750 0.000385
0.188333 0.000385
0.187917 0.000385
0.187500 0.000385
0.187083 0.000385
0.186667 0.000385
0.186250 0.000385
0.185833 0.000385
0.185417 0.000385
0.185000 0.000385
0.184583 0.000385
0.184167 0.000385
0.183750 0.000385
0.183333 0.000385
0.182917 0.000385
0.182500 0.000385
0.182083 0.000385
0.181667 0.000385
0.181250 0.000385
0.180833 0.000385
0.180417 0.000385
0.180000 0.000385
0.179583 0.000385
0.179167 0.000385
0.178750 0.000385
0.178333 0.000385
0.177917 0.000385
0.177500 0.000385
0.177083 0.000385
0.176667 0.000385
0.176250 0.000385
0.175833 0.000385
0.175417 0.000385
0.175000 0.000385
0.174583 0.000385
0.174167 0.000385
0.173750 0.000385
0.173333 0.000385
0.172917 0.000385
0.172500 0.000385
0.172083 0.000385
0.171667 0.000385
0.171250 0.000385
0.170833 0.000385
0.170417 0.000385
0.170000 0.000385
0.169583 0.000385
0.169167 0.000385
0.168750 0.000385
0.168333 0.000385
0.167917 0.000385
0.167500 0.000385
0.167083 0.000385
0.166667 0.000385
0.166250 0.000385
0.165833 0.000385
0.165417 0.000385
0.165000 0.000385
0.164583 0.000385
0.164167 0.000385
0.163750 0.000385
0.163333 0.000385
0.162917 0.000385
0.162500 0.000385
0.162083 0.000385
0.161667 0.000385
0.161250 0.000385
0.160833 0.000385
0.160417 0.000385
0.160000 0.000385
0.159583 0.000385
0.159167 0.000385
0.158750 0.000385
0.158333 0.000385
0.157917 0.000385
0.157500 0.000385
0.157083 0.000385
0.156667 0.000385
0.156250 0.000385
0.155833 0.000385
0.155417 0.000385
0.155000 0.000385
0.154583 0.000385
0.154167 0.000385
0.153750 0.000385
0.153333 0.000385
0.152917 0.000385
0.152500 0.000385
0.152083 0.000385
0.151667 0.000385
0.151250 0.000385
0.150833 0.000385
0.150417 0.000385
0.150000 0.000385
0.149583 0.000385
0.149167 0.000385
0.148750 0.000385
0.148333 0.000385
0.147917 0.000385
0.147500 0.000385
0.147083 0.000385
0.146667 0.000385
0.146250 0.000385
0.145833 0.000385
0.145417 0.000385
0.145000 0.000385
0.144583 0.000385
0.144167 0.000385
0.143750 0.000385
0.143333 0.000385
0.142917 0.000385
0.142500 0.000385
0.142083 0.000385
0.141667 0.000385
0.141250 0.000385
0.140833 0.000385
0.140417 0.000385
0.140000 0.000385
0.139583 0.000385
0.139167 0.000385
0.138750 0.000385
0.138333 0.000385
0.137917 0.000385
0.137500 0.000385
0.137083 0.000385
0.136667 0.000385
0.136250 0.000385
0.135833 0.000385
0.135417 0.000385
0.135000 0.000385
0.134583 0.000385
0.134167 0.000385
0.133750 0.000385
0.133333 0.000385
0.132917 0.000385
0.132500 0.000385
0.132083 0.000385
0.132083 0.000000
0.131667 0.000000
0.131250 0.000000
0.130833 0.000000
0.130417 0.000000
0.130000 0.000000
0.129583 0.000000
0.129167 0.000000
0.128750 0.000000
0.128333 0.000000
0.127917 0.000000
0.127500 0.000000
0.127083 0.000000
0.126667 0.000000
0.126250 0.000000
0.125833 0.000000
0.125417 0.000000
0.125000 0.000000
0.124583 0.000000
0.124167 0.000000
0.123750 0.000000
0.123333 0.000000
0.122917 0.000000
0.122500 0.000000
0.122083 0.000000
0.121667 0.000000
0.121250 0.000000
0.120833 0.000000
0.120417 0.000000
0.120000 0.000000
0.119583 0.000000
0.119167 0.000000
0.118750 0.000000
0.118333 0.000000
0.117917 0.000000
0.117500 0.000000
0.117083 0.000000
0.116667 0.000000
0.116250 0.000000
0.115833 0.000000
0.115417 0.000000
0.115000 0.000000
0.114583 0.000000
0.114167 0.000000
0.113750 0.000000
0.113333 0.000000
0.112917 0.000000
0.112500 0.000000
0.112083 0.000000
0.111667 0.000000
0.111250 0.000000
0.110833 0.000000
0.110417 0.000000
0.110000 0.000000
0.109583 0.000000
0.109167 0.000000
0.108750 0.000000
0.108333 0.000000
0.107917 0.000000
0.107500 0.000000
0.107083 0.000000
0.106667 0.000000
0.106250 0.000000
0.105833 0.000000
0.105417 0.000000
0.105000 0.000000
0.104583 0.000000
0.104167 0.000000
0.103750 0.000000
0.103333 0.000000
0.102917 0.000000
0.102500 0.000000
0.102083 0.000000
0.101667 0.000000
0.101250 0.000000
0.100833 0.000000
0.100417 0.000000
0.100000 0.000000
0.099583 0.000000
0.099167 0.000000
0.098750 0.000000
0.098333 0.000000
0.097917 0.000000
0.097500 0.000000
0.097083 0.000000
0.096667 0.000000
0.096250 0.000000
0.095833 0.000000
0.095417 0.000000
0.095000 0.000000
0.094583 0.000000
0.094167 0.000000
0.093750 0.000000
0.093333 0.000000
0.092917 0.000000
0.092500 0.000000
0.092083 0.000000
0.091667 0.000000
0.091250 0.000000
0.090833 0.000000
0.090417 0.000000
0.090000 0.000000
0.089583 0.000000
0.089167 0.000000
0.088750 0.000000
0.088333 0.000000
0.087917 0.000000
0.087500 0.000000
0.087083 0.000000
0.086667 0.000000
0.086250 0.000000
0.085833 0.000000
0.085417 0.000000
0.085000 0.000000
0.084583 0.000000
0.084167 0.000000
0.083750 0.000000
0.083333 0.000000
0.082917 0.000000
0.082500 0.000000
0.082083 0.000000
0.081667 0.000000
0.081250 0.000000
0.080833 0.000000
0.080417 0.000000
0.080000 0.000000
0.079583 0.000000
0.079167 0.000000
0.078750 0.000000
0.078333 0.000000
0.077917 0.000000
0.077500 0.000000
0.077083 0.000000
0.076667 0.000000
0.076250 0.000000
0.075833 0.000000
0.075417 0.000000
0.075000 0.000000
0.074583 0.000000
0.074167 0.000000
0.073750 0.000000
0.073333 0.000000
0.072917 0.000000
0.072500 0.000000
0.072083 0.000000
0.071667 0.000000
0.071250 0.000000
0.070833 0.000000
0.070417 0.000000
0.070000 0.000000
0.069583 0.000000
0.069167 0.000000
0.068750 0.000000
0.068333 0.000000
0.067917 0.000000
0.067500 0.000000
0.067083 0.000000
0.066667 0.000000
0.066250 0.000000
0.065833 0.000000
0.065417 0.000000
0.065000 0.000000
0.064583 0.000000
0.064167 0.000000
0.063750 0.000000
0.063333 0.000000
0.062917 0.000000
0.062500 0.000000
0.062083 0.000000
0.061667 0.000000
0.061250 0.000000
0.060833 0.000000
0.060417 0.000000
0.060000 0.000000
0.059583 0.000000
0.059167 0.000000
0.058750 0.000000
0.058333 0.000000
0.057917 0.000000
0.057500 0.000000
0.057083 0.000000
0.056667 0.000000
0.056250 0.000000
0.055833 0.000000
0.055417 0.000000
0.055000 0.000000
0.054583 0.000000
0.054167 0.000000
0.053750 0.000000
0.053333 0.000000
0.052917 0.000000
0.052500 0.000000
0.052083 0.000000
0.051667 0.000000
0.051250 0.000000
0.050833 0.000000
0.050417 0.000000
0.050000 0.000000
0.049583 0.000000
0.049167 0.000000
0.048750 0.000000
0.048333 0.000000
0.047917 0.000000
0.047500 0.000000
0.047083 0.000000
0.046667 0.000000
0.046250 0.000000
0.045833 0.000000
0.045417 0.000000
0.045000 0.000000
0.044583 0.000000
0.044167 0.000000
0.043750 0.000000
0.043333 0.000000
0.042917 0.000000
0.042500 0.000000
0.042083 0.000000
0.041667 0.000000
0.041250 0.000000
0.040833 0.000000
0.040417 0.000000
0.040000 0.000000
0.039583 0.000000
0.039167 0.000000
0.038750 0.000000
0.038333 0.000000
0.037917 0.000000
0.037500 0.000000
0.037083 0.000000
0.036667 0.000000
0.036250 0.000000
0.035833 0.000000
0.035417 0.000000
0.035000 0.000000
0.034583 0.000000
0.034167 0.000000
0.033750 0.000000
0.033333 0.000000
0.032917 0.000000
0.032500 0.000000
0.032083 0.000000
0.031667 0.000000
0.031250 0.000000
0.030833 0.000000
0.030417 0.000000
0.030000 0.000000
0.029583 0.000000
0.029167 0.000000
0.028750 0.000000
0.028333 0.000000
0.027917 0.000000
0.027500 0.000000
0.027083 0.000000
0.026667 0.000000
0.026250 0.000000
0.025833 0.000000
0.025417 0.000000
0.025000 0.000000
0.024583 0.000000
0.024167 0.000000
0.023750 0.000000
0.023333 0.000000
0.022917 0.000000
0.022500 0.000000
0.022083 0.000000
0.021667 0.000000
0.021250 0.000000
0.020833 0.000000
0.020417 0.000000
0.020000 0.000000
0.019583 0.000000
0.019167 0.000000
0.018750 0.000000
0.018333 0.000000
0.017917 0.000000
0.017500 0.000000
0.017083 0.000000
0.016667 0.000000
0.016250 0.000000
0.015833 0.000000
0.015417 0.000000
0.015000 0.000000
0.014583 0.000000
0.014167 0.000000
0.013750 0.000000
0.013333 0.000000
0.012917 0.000000
0.012500 0.000000
0.012083 0.000000
0.011667 0.000000
0.011250 0.000000
0.010833 0.000000
0.010417 0.000000
0.010000 0.000000
0.009583 0.000000
0.009167 0.000000
0.008750 0.000000
0.008333 0.000000
0.007917 0.000000
0.007500 0.000000
0.007083 0.000000
0.006667 0.000000
0.006250 0.000000
0.005833 0.000000
0.005417 0.000000
0.005000 0.000000
0.004583 0.000000
0.004167 0.000000
0.003750 0.000000
0.003333 0.000000
0.002917 0.000000
0.002500 0.000000
0.002083 0.000000
0.001667 0.000000
0.001250 0.000000
0.000833 0.000000
0.000417 0.000000
